Satellite,P Rank,Alpha Rank,Total Score
MAGION 2,1,4,5
DELTA 1 R/B,2,10,12
SL-12 R/B(AUX MOTOR),3,11,14
COSMOS 1305,4,14,18
DELTA 1 R/B(1),5,17,22
SCOUT X-4 R/B,6,18,24
DELTA 1 R/B(1),7,19,26
SL-12 R/B(AUX MOTOR),8,20,28
BLOCK DM-SL R/B,9,22,31
CZ-2C R/B,10,29,39
ATLAS CENTAUR R/B,11,31,42
ALOUETTE 2,12,34,46
GLOBALSTAR M054,16,36,52
DELTA 2 R/B(1),13,40,53
VANGUARD 1,14,41,55
INTERCOSMOS 25,15,45,60
PEGASUS R/B,17,54,71
GLOBALSTAR M030,25,46,71
SL-8 R/B,23,49,72
GLOBALSTAR M032,18,58,76
VANGUARD 3,32,47,79
GLOBALSTAR M053,20,63,83
OV3-3,19,75,94
SECOR 5 (EGRS 5),21,82,103
GLOBALSTAR M036,48,55,103
GLOBALSTAR M026,22,88,110
GLOBALSTAR M006,37,76,113
OV1-14,35,79,114
GLOBALSTAR M044,52,64,116
ATLAS CENTAUR R/B,26,91,117
GLOBALSTAR M063,53,65,118
GLOBALSTAR M025,24,95,119
RADIO ROSTO,27,93,120
SL-19 R/B,28,100,128
GLOBALSTAR M035,29,102,131
SL-12 R/B(AUX MOTOR),30,104,134
GLOBALSTAR M052,31,106,137
GLOBALSTAR M043,33,105,138
SCOUT X-1 R/B,44,101,145
DELTA 1 R/B(1),38,107,145
GLOBALSTAR M048,36,110,146
DELTA 1 R/B(1),51,96,147
MAGION 3,39,108,147
GLOBALSTAR M014,49,98,147
SL-12 R/B(2),34,113,147
GLOBALSTAR M015,45,103,148
DELTA 2 R/B,40,109,149
SL-8 R/B,60,99,159
DFH-1,47,120,167
COSMOS 2356,57,123,180
OPTUS A1 R/B(PAM-D),58,124,182
ARIANE 5 R/B,43,148,191
GLOBALSTAR M027,41,151,192
DIAMANT R/B,42,152,194
USA 16,65,131,196
GLOBALSTAR M024,46,155,201
USA 25,63,150,213
N-2 R/B(2),64,154,218
GLOBALSTAR M051,59,170,229
COSMOS 482 DESCENT CRAFT,54,179,233
GLOBALSTAR M061,68,165,233
USA 17,69,166,235
COSMOS 2392,55,180,235
ATLAS F R/B,62,175,237
SCOUT B R/B,71,168,239
GLOBALSTAR M049,50,192,242
M-4S R/B,73,181,254
DIAPASON (D1-A),66,207,273
PEGASUS R/B,56,220,276
GLOBALSTAR M047,61,219,280
EXPLORER 25 (INJUN-4),67,222,289
COSMOS 839,78,212,290
RADIO 8,79,221,300
GLOBALSTAR M002,70,231,301
COSMOS 1045,75,236,311
SL-8 R/B,76,237,313
SL-8 R/B,80,234,314
GLOBALSTAR M034,74,250,324
COSMOS 2352,72,253,325
SL-8 R/B,81,249,330
GLOBALSTAR M064,77,261,338
RADIO 3,83,263,346
EXOS D (AKEBONO),84,266,350
SL-8 R/B,85,275,360
GLOBALSTAR M046,96,264,360
SL-8 R/B,97,265,362
DELTA 1 R/B(1),86,285,371
TOPEX/POSEIDON,148,223,371
SL-8 R/B,87,294,381
COSMOS 341,153,232,385
TIROS 9,154,233,387
DELTA 2 R/B,156,235,391
GLOBALSTAR M058,82,311,393
SL-8 R/B,103,295,398
S6 MICHAEL FREILICH,158,245,403
JASON 3,159,246,405
SL-8 R/B,88,318,406
THOR DELTA 1 R/B,157,251,408
RADIO 4,95,321,416
DELTA 2 R/B(1),168,252,420
COSMOS 539,164,257,421
GLOBALSTAR M042,115,309,424
COSMOS 249,166,259,425
GLOBALSTAR M003,106,320,426
ARIANE 44L R/B,93,340,433
GLOBALSTAR M059,94,341,435
SL-8 R/B,169,273,442
GLOBALSTAR M057,119,323,442
SL-8 R/B,118,325,443
SL-8 R/B,107,336,443
OSCAR 23 (KITSAT 1),173,274,447
COSMOS 1088,123,329,452
SL-8 R/B,98,356,454
SL-8 R/B,111,344,455
GLOBALSTAR M060,109,346,455
COSMOS 444,175,281,456
GLOBALSTAR M019,110,347,457
COSMOS 90,120,342,462
GLOBALSTAR M056,101,363,464
DELTA 1 R/B(2),112,353,465
COSMOS 2353,178,288,466
COSMOS 643,171,296,467
DELTA 1 R/B(1),172,303,475
SL-8 R/B,102,378,480
TELSTAR 1,126,359,485
DELTA R/B(1),114,373,487
COSMOS 617,177,330,507
COSMOS 650,176,334,510
COSMOS 2241,134,376,510
SL-8 R/B,136,377,513
SCOUT B R/B,129,389,518
SL-6 R/B(2),130,394,524
ATLAS CENTAUR R/B,131,395,526
SL-8 R/B,135,392,527
COSMOS 375,132,398,530
RADIO 5,104,428,532
GLOBALSTAR M033,133,399,532
COSMOS 417,181,354,535
THORAD DELTA 1 R/B,138,400,538
GLOBALSTAR M045,139,401,540
SL-8 R/B,140,412,552
SL-8 R/B,141,414,555
COSMOS 87,117,439,556
COSMOS 2354,89,468,557
SL-14 R/B,90,469,559
RADIO 2,91,471,562
ST5-B,184,382,566
SL-12 R/B(2),186,386,572
GLOBALSTAR M050,105,467,572
BREEZE-KM R/B,187,390,577
RADIO 1,92,489,581
SL-8 R/B,142,440,582
GLOBALSTAR M031,121,464,585
COSMOS 2344,122,465,587
COSMOS 1326,124,466,590
COSMOS 86,145,448,593
DELTA 1 R/B,146,449,595
JASON,185,411,596
SL-8 R/B,143,458,601
SL-8 R/B,125,480,605
OV1-2,147,472,619
COSMOS 1327,144,477,621
RADIO 6,108,527,635
SL-8 R/B,127,508,635
SL-8 R/B,128,514,642
SL-8 R/B,165,483,648
GLOBALSTAR M041,99,553,652
GLOBALSTAR M029,100,556,656
GLOBALSTAR M022,113,565,678
CZ-4C R/B,195,485,680
COSMOS 337,149,532,681
SL-8 R/B,150,533,683
COSMOS 82,167,518,685
SL-8 R/B,151,534,685
COSMOS 83,152,535,687
TACSAT 4,197,498,695
SL-8 R/B,137,566,703
RADIO 7,116,591,707
DELTA 1 R/B,155,563,718
GLOBALSTAR M055,160,582,742
COSMOS 1013,170,573,743
SL-8 R/B,162,585,747
COSMOS 81,163,586,749
H-1 R/B(MABES),161,590,751
JAS 2,203,562,765
SL-8 R/B,196,572,768
JASON 2,204,564,768
COSMOS 717,174,597,771
SECOR 4 (EGRS 4),208,569,777
DELTA 1 R/B,198,580,778
YAOGAN 8,249,541,790
COSMOS 2355,221,574,795
SL-8 R/B,219,577,796
COSMOS 511,179,634,813
S80/T,229,584,813
COSMOS 2090,205,609,814
SL-8 R/B,206,610,816
OPS 3899,230,587,817
OPS 7684,207,611,818
COSMOS 1914,212,621,833
ESSA 4 (TOS-B),215,619,834
COSMOS 2254,213,623,836
SL-14 R/B,216,620,836
COSMOS 2147,214,624,838
YAOGAN 20C,263,576,839
SL-19 R/B,267,575,842
YAOGAN 20A,264,578,842
ESSA 2 (OT-2),217,628,845
COSMOS 942,180,666,846
YAOGAN 20B,268,579,847
TSX-5,265,593,858
SCOUT X-4 R/B,244,615,859
SL-14 R/B,270,589,859
COSMOS 2094,222,638,860
COSMOS 89,226,635,861
DELTA 1 R/B,223,640,863
COSMOS 1250,227,636,863
COSMOS 1823,182,682,864
SCOUT G-1 R/B,272,592,864
ISIS 1,228,637,865
COSMOS 1875,225,641,866
COSMOS 1321,183,684,867
DANDE,250,633,883
COSMOS 2499,279,605,884
BLACK ARROW R/B,285,601,886
DELTA 1 R/B,234,653,887
COSMOS 675,224,670,894
COSMOS 2168,238,658,896
CASSIOPE,290,608,898
COSMOS 826,189,718,907
SL-14 R/B,188,721,909
GONETS M 08 (M18),190,723,913
ONEWEB-0162,317,600,917
OBJECT E,232,687,919
ARIANE 42P R/B,233,688,921
GLOBALSTAR M038,191,731,922
OSCAR 32,291,632,923
SL-8 R/B,357,571,928
SL-8 R/B,192,741,933
OPS 4682 (SNAPSHOT),295,639,934
ONEWEB-0129,324,613,937
ONEWEB-0156,326,612,938
COSMOS 585,237,702,939
GLOBALSTAR M008,193,748,941
COSMOS 1692,239,704,943
BPA 1/SL-24 R/B,303,643,946
OSCAR 23,302,645,947
H-2 R/B,300,650,950
GONETS M 09 (M19),194,756,950
COSMOS 533,251,705,956
COSMOS 1051,241,716,957
COSMOS 1994,242,715,957
COSMOS 2161,243,717,960
COSMOS 708,255,707,962
COSMOS 1040,199,766,965
SL-19 R/B,310,656,966
ONEWEB-0085,349,618,967
ONEWEB-0033,354,622,976
SL-8 R/B,200,779,979
DELTA 1 R/B(1),320,659,979
COSMOS 418,247,733,980
ONEWEB-0090,355,625,980
COSMOS 2093,248,734,982
ONEWEB-0133,358,626,984
ONEWEB-0143,359,627,986
DELTA 1 R/B,260,727,987
COSMOS 2188,261,728,989
SL-24 R/B,411,581,992
GONETS M 14 (M24),201,793,994
COSMOS 80,202,801,1003
COSMOS 872,253,750,1003
H-1 R/B,334,669,1003
COSMOS 2143,254,751,1005
SL-8 R/B,425,595,1020
COSMOS 2160,259,762,1021
ONEWEB-0020,360,667,1027
COSMOS 312,434,596,1030
COSMOS 2146,269,771,1040
SL-8 R/B,454,598,1052
ONEWEB-0083,410,647,1057
BREEZE-KM R/B,373,685,1058
COSMOS 2119,276,786,1062
SL-8 R/B,209,865,1074
SL-8 R/B,477,603,1080
ONEWEB-0053,429,652,1081
ONEWEB-0120,431,651,1082
SL-8 R/B,483,602,1085
GEO IK,210,883,1093
EXPLORER 29 (GEOS 1),487,607,1094
COSMOS 1635,211,884,1095
ONEWEB-0088,451,655,1106
COSMOS 2200,284,838,1122
ONEWEB-0024,437,698,1135
METEOR 3-3,440,699,1139
STRELA 3,218,921,1139
COSMOS 2226,220,923,1143
ONEWEB-0096,486,660,1146
YAOGAN 16C,564,583,1147
ONEWEB-0043,488,661,1149
SL-14 R/B,536,616,1152
SL-24 R/B,570,588,1158
BREEZE-KM R/B,504,662,1166
FLOCK 2K 33,1166,1,1167
ONEWEB-0178,512,664,1176
ONEWEB-0113,513,665,1178
ONEWEB-0127,511,668,1179
SL-8 R/B,577,630,1207
ONEWEB-0034,533,678,1211
COSMOS 451,231,986,1217
ONEWEB-0159,542,675,1217
SCOUT A R/B,587,631,1218
ONEWEB-0040,546,680,1226
COSMOS 252,590,642,1232
SCOUT G-1 R/B,602,648,1250
METEOR 3-1,603,649,1252
ONEWEB-0069,576,686,1262
CUSAT 1,660,606,1266
SL-14 R/B,235,1033,1268
COSMOS 1858,298,971,1269
SL-14 R/B,236,1034,1270
ONEWEB-0060,580,694,1274
ONEWEB-0114,588,693,1281
ARIANE 5 R/B,684,614,1298
ONEWEB-0080,604,695,1299
CALSPHERE 4(A),687,617,1304
ONEWEB-0110,615,696,1311
GONETS M 05,240,1097,1337
DELTA 1 R/B,713,629,1342
COSMOS 2211,306,1047,1353
CZ-3 R/B,726,644,1370
ONEWEB-0289,725,646,1371
COSMOS 480,710,663,1373
COSMOS 972,716,671,1387
SL-8 R/B,717,672,1389
ONEWEB-0148,677,712,1389
SL-11 R/B,745,654,1399
ONEWEB-0012,723,676,1399
ELECTRON R/B,1398,2,1400
ONEWEB-0326,722,681,1403
SPRINT A,740,677,1417
KRAKSAT,1414,3,1417
TEMPSAT 1,763,657,1420
SL-14 R/B,277,1147,1424
COSMOS 619,278,1149,1427
OSCAR 31,737,690,1427
BREEZE-KM R/B,738,691,1429
ONEWEB-0303,736,697,1433
COSMOS 1879,315,1124,1439
THOR ABLESTAR R/B,751,689,1440
COSMOS 963,753,706,1459
COSMOS 448,280,1189,1469
COSMOS 1194,281,1192,1473
COSMOS 414,282,1193,1475
COSMOS 343,283,1194,1477
COSMOS 1082,286,1228,1514
COSMOS 796,245,1270,1515
COSMOS 765,246,1276,1522
ONEWEB-0196,770,758,1528
COSMOS 1159,287,1253,1540
COSMOS 504,288,1254,1542
COSMOS 2070,289,1255,1544
COSMOS 2357,336,1238,1574
COSMOS 2247,340,1256,1596
OPS 6381 (SSU 1),342,1258,1600
PSLV R/B,1595,6,1601
COSMOS 1525,292,1320,1612
COSMOS 2246,332,1289,1621
GONETS D1 8,333,1291,1624
ONEWEB-0320,890,735,1625
SL-24 R/B,293,1334,1627
ATLAS H R/B,294,1336,1630
SL-8 R/B,928,703,1631
COSMOS 2037,252,1383,1635
ONEWEB-0217,863,775,1638
ONEWEB-0008,907,749,1656
COSMOS 979,297,1366,1663
COSMOS 970,973,701,1674
COSMOS 1695,368,1306,1674
GLOBALSTAR M071,348,1335,1683
COSMOS 1508,940,747,1687
COSMOS 1930,299,1390,1689
ONEWEB-0185,908,794,1702
COSMOS 1435,353,1359,1712
BREEZE-KM R/B,389,1328,1717
COSMOS 84,256,1465,1721
COSMOS 1233,356,1365,1721
SL-14 R/B,257,1467,1724
NOVA 1,976,754,1730
OPS 8464 (TRANSIT 5B-7),1017,719,1736
NIMBUS 3,1018,720,1738
GONETS D1M 1,304,1452,1756
STARLINK-2287,1749,8,1757
DELTA 1 R/B,948,816,1764
ARIANE 44LP+ R/B,1758,7,1765
COSMOS 1618,376,1392,1768
COSMOS 1913,383,1385,1768
COSMOS 2273,377,1393,1770
ONEWEB-0032,953,818,1771
COSMOS 1020,387,1387,1774
DELTA 2 R/B(1),1023,752,1775
SL-14 R/B,1027,755,1782
CZ-4C R/B,1014,768,1782
COSMOS 641,305,1479,1784
RSW-02,1028,757,1785
COSMOS 1018,362,1426,1788
OSCAR 25,1031,759,1790
YAOGAN 25B,1032,760,1792
YAOGAN 25C,1033,761,1794
COSMOS 624,385,1410,1795
CZ-3B R/B,1792,5,1797
RSW-01,1034,763,1797
ONEWEB-0331,1019,778,1797
SCOUT A-1 R/B,1035,769,1804
GLOBALSTAR M091,391,1419,1810
GLOBALSTAR M090,392,1420,1812
COSMOS 2162,393,1421,1814
COSMOS 2452,258,1558,1816
ONEWEB-0311,1021,798,1819
COSMOS 1053,307,1528,1835
COSMOS 2299,398,1446,1844
SL-24 R/B,1049,800,1849
COSMOS 567,394,1456,1850
ARIANE 44LP R/B,1841,9,1850
ONEWEB-0304,1022,829,1851
ONEWEB-0044,987,867,1854
OBJECT B,1094,764,1858
ONEWEB-0059,988,871,1859
SL-24 R/B,1096,765,1861
ONEWEB-0152,989,872,1861
COSMOS 409,990,873,1863
ONEWEB-0054,991,874,1865
COSMOS 877,308,1559,1867
ONEWEB-0062,992,875,1867
COSMOS 339,309,1562,1871
TRANSIT 5B-2,1103,774,1877
COSMOS 647,402,1477,1879
ONEWEB-0319,1024,855,1879
ONEWEB-0287,1025,856,1881
THORAD AGENA D R/B,1111,772,1883
COSMOS 2159,409,1474,1883
OPS 6582 (TRANSIT 5B-5),1112,773,1885
EXPLORER 27,1109,781,1890
COSMOS 2384,404,1489,1893
GLOBALSTAR M075,412,1481,1893
COSMOS 827,403,1491,1894
KL-ALPHA B,1114,780,1894
ONEWEB-0346,1026,869,1895
GLOBALSTAR M028,405,1492,1897
COSMOS 2038,406,1493,1899
COSMOS 2302,407,1494,1901
COSMOS 2068,408,1495,1903
CZ-4C R/B,1116,787,1903
USA 23,417,1496,1913
ONEWEB-0041,1119,797,1916
BREEZE-KM R/B,1029,901,1930
YAOGAN-31 J,1126,807,1933
COSMOS 738,262,1680,1942
COSMOS 1878,439,1504,1943
SL-8 R/B,441,1510,1951
COSMOS 2199,427,1526,1953
COSMOS 531,428,1527,1955
SL-14 R/B,313,1643,1956
COSMOS 2215,426,1533,1959
OBJECT B,1061,900,1961
SCOUT A R/B,1142,824,1966
SCOUT D-1 R/B,1063,907,1970
THOR ABLESTAR R/B,1131,848,1979
SL-14 R/B,266,1713,1979
COSMOS 2066,314,1668,1982
YAOGAN 25A,1065,917,1982
COSMOS 1563,318,1676,1994
COSMOS 2330,430,1570,2000
COSMOS 1391,316,1685,2001
BRICSAT 2,1990,13,2003
COSMOS 887,1331,673,2004
COSMOS 1801,416,1589,2005
ATLAS H R/B,1335,679,2014
ELECTRON R/B,1170,849,2019
ONEWEB-0017,1020,1000,2020
STARLINK-2302,2007,15,2022
GLOBALSTAR M073,438,1588,2026
STARLINK-2281,2010,16,2026
AEOLUS,2004,23,2027
EXPLORER 36 (GEOS 2),1144,888,2032
COSMOS 2198,459,1574,2033
OPS 7218 (TRANSIT 16),1154,881,2035
SCOUT X-4 R/B,1346,692,2038
COSMOS 1357,461,1577,2038
THOR ABLESTAR R/B,1178,877,2055
PORCUPINE 2,1074,991,2065
NNSS 20 (TRANSIT 20),1173,894,2067
TRANSIT 4B,1162,909,2071
SSC,1073,999,2072
DELTA 1 R/B,1169,904,2073
STARLINK-2261,2056,21,2077
STARLINK-2201,2052,30,2082
STARLINK-3260,2058,24,2082
ONEWEB-0306,1038,1045,2083
STARLINK-2366,2054,32,2086
SL-14 R/B,448,1640,2088
STARLINK-1367,2055,33,2088
COSMOS 1620,449,1641,2090
ONEWEB-0309,1039,1051,2090
IUS R/B(1),2067,25,2092
GLOBALSTAR M078,450,1645,2095
COSMOS 342,321,1775,2096
STARLINK-2289,2070,26,2096
STARLINK-1668,2062,35,2097
COSMOS 570,442,1656,2098
COSMOS 2091,443,1657,2100
GLOBALSTAR M079,452,1648,2100
COSMOS 2144,444,1658,2102
SERT 2,1394,709,2103
COSMOS 1019,445,1659,2104
FLOCK 2K 22,2079,27,2106
LEMUR 2 YONGLIN,2078,28,2106
YAOGAN-31 G,1183,931,2114
COSMOS 1290,322,1799,2121
STARLINK-1853,2089,37,2126
ANNA 1B,1182,948,2130
ONEWEB-0388,1400,732,2132
COSMOS 1619,446,1692,2138
COSMOS 2010,457,1681,2138
COSMOS 449,271,1868,2139
COSMOS 2336,1401,739,2140
GONETS D1 7,458,1682,2140
EXPLORER 22,1402,740,2142
COSMOS 2310,1403,742,2145
GLOBALSTAR M083,460,1686,2146
YAOGAN 16A,1076,1071,2147
SCOUT A R/B,1192,957,2149
LEMUR 2 BRIANDAVIE,2111,39,2150
OPS 0100 (TRANSIT 15),1204,947,2151
COSMOS 1832,478,1673,2151
YAOGAN-31 H,1193,958,2151
STARLINK-1379,2114,38,2152
THOR ABLESTAR R/B,1207,950,2157
COSMOS 2061,1404,753,2157
N-1 R/B,1189,972,2161
COSMOS 2338,453,1708,2161
CZ-4C R/B,1041,1120,2161
GLOBALSTAR M081,466,1697,2163
STARLINK-1840,2127,42,2169
LEMUR 2 MCCULLAGH,2128,43,2171
ONEWEB-0380,1405,767,2172
CZ-4B R/B,2129,44,2173
COSMOS 994,1406,770,2176
ATLAS 75E R/B,1080,1102,2182
SL-14 R/B,472,1711,2183
INFORMATOR 1,1408,776,2184
CZ-4C R/B,1209,975,2184
COSMOS 2327,1410,782,2192
OPS 5798 (TRANSIT 5B-4),1208,985,2193
OPS 2366 (TRANSIT 14),1409,785,2194
COSMOS 1324,273,1922,2195
TOPO 1,1198,998,2196
TRANSIT 5E 3,1210,987,2197
COSMOS 412,274,1924,2198
COSMOS 450,275,1925,2200
COSMOS 1476,327,1878,2205
COSMOS 2008,325,1882,2207
ARIANE 5 R/B,1235,973,2208
HONGYUN 1,1201,1011,2212
CALSPHERE 2,1227,993,2220
SCOUT A R/B,1218,1004,2222
SCOUT G-1 R/B,1205,1018,2223
COSMOS 940,462,1762,2224
TUBSAT B,1053,1171,2224
ONEWEB-0313,1054,1172,2226
SL-4 R/B,2181,48,2229
STARLINK-1214,2180,52,2232
ONEWEB-0205,1030,1206,2236
OPS 4947 (TRANSIT 17),1411,828,2239
DELTA 1 R/B,1241,1003,2244
TRANSIT 5B-1,1242,1005,2247
COSMOS 1754,455,1793,2248
YAOGAN-31 A,1243,1006,2249
METEOR 3-4,1055,1195,2250
YAOGAN-31 C,1244,1007,2251
THOR ABLESTAR R/B,1217,1040,2257
ONEWEB-0369,1412,845,2257
COSMOS 2132,335,1923,2258
ONEWEB-0290,1056,1203,2259
THORAD AGENA D R/B,1265,996,2261
OSCAR 27,1224,1041,2265
COSMOS 2269,479,1789,2268
COSMOS 2300,480,1790,2270
NOAA 1,337,1934,2271
YAOGAN 27,1058,1225,2283
OPS 6630 (2),482,1802,2284
GB 1,1081,1204,2285
YAOGAN-31 K,1259,1026,2285
YAOGAN 16B,1248,1039,2287
COSMOS 871,476,1815,2291
NAVSPASUR ROD 1,1228,1064,2292
THOR AGENA B R/B,1083,1227,2310
SS 1,1270,1058,2328
OPS 7034 (TRANSIT 18),1258,1072,2330
QARMAN,2280,50,2330
TRANSAT,1249,1092,2341
ONEWEB-0195,1036,1319,2355
ONEWEB-0329,1064,1298,2362
COSMOS 2398,1413,953,2366
YAOGAN-31 D,1084,1284,2368
SCOUT A R/B,1269,1104,2373
CZ-5 R/B,1290,1083,2373
COSMOS 939,489,1885,2374
ONEWEB-0137,1037,1337,2374
STARLINK-1285,2319,57,2376
COSMOS 2329,363,2014,2377
THOR ABLESTAR R/B,1415,963,2378
COSMOS 1642,364,2015,2379
COSMOS 622,365,2016,2381
COSMOS 1911,508,1874,2382
NIMBUS 4,1088,1296,2384
COSMOS 623,490,1898,2388
COSMOS 1360,361,2027,2388
COSMOS 1877,492,1901,2393
ISIS 2,496,1902,2398
DELTA 1 R/B,1308,1094,2402
YAOGAN-34,1087,1317,2404
SL-14 R/B,500,1912,2412
COSMOS 2157,501,1913,2414
EPSILON R/B,2362,56,2418
OBJECT F,1300,1125,2425
YAOGAN-31 B,1305,1121,2426
KIKU 1 (ETS 1),1279,1152,2431
COSMOS 1690,519,1914,2433
YAOGAN-31 E,1090,1344,2434
YAOGAN-31 F,1091,1345,2436
TANSEI 1 (MS-T1),1093,1347,2440
STARLINK-3256,2391,53,2444
CZ-4C R/B,1292,1160,2452
ONEWEB-0280,1070,1386,2456
COSMOS 2117,530,1928,2458
SL-24 R/B,1097,1362,2459
NIMBUS 5,1295,1166,2461
COSMOS 2148,531,1931,2462
COSMOS 1830,532,1933,2465
COSMOS 1034,505,1963,2468
YAOGAN-31 M,1315,1154,2469
COSMOS 2115,534,1944,2478
STARLETTE,1416,1065,2481
ISARA,2426,60,2486
ONEWEB-0193,1040,1449,2489
THOR ABLESTAR R/B,1102,1388,2490
COSMOS 1192,537,1958,2495
OBJECT D,1095,1401,2496
ONEWEB-0013,1042,1460,2502
SL-8 R/B,1323,1180,2503
NIMBUS 2,1104,1400,2504
ONEWEB-0035,1043,1461,2504
UME 2 (ISS-B),1324,1181,2505
ONEWEB-0098,1044,1462,2506
NIMBUS 6,1098,1409,2507
OSCAR 30,1328,1179,2507
ONEWEB-0135,1045,1464,2509
YAOGAN-31 L,1321,1188,2509
SECOR 13 (EGRS 13),1105,1405,2510
POPACS 3,2451,61,2512
ONEWEB-0018,1046,1466,2512
COSMOS 2341,1417,1098,2515
HONGYAN 1,1106,1413,2519
ONEWEB-0234,1047,1472,2519
RADIATION SAT (5E 1),1110,1429,2539
COSMOS 594,515,2025,2540
COSMOS 2416,516,2024,2540
STARLINK-2208,2491,51,2542
COSMOS 568,557,1989,2546
ONEWEB-0022,1048,1503,2551
ONEWEB-0039,1050,1505,2555
ONEWEB-0036,1051,1506,2557
ONEWEB-0228,1052,1507,2559
COSMOS 1293,517,2043,2560
COSMOS 1565,522,2045,2567
COSMOS 621,563,2005,2568
ITOS 1 (TIROS M),523,2046,2569
COSMOS 1639,524,2047,2571
COSMOS 828,525,2048,2573
COSMOS 1996,526,2049,2575
COSMOS 2114,567,2009,2576
GLOBALSTAR M004,566,2010,2576
COSMOS 88,527,2050,2577
COSMOS 1235,520,2058,2578
SL-14 R/B,543,2035,2578
COSMOS 1799,528,2051,2579
SL-14 R/B,544,2036,2580
COSMOS 2255,545,2037,2582
STARLINK-1751,2534,62,2596
COSMOS 1622,574,2028,2602
SCOUT A R/B,1418,1185,2603
SL-14 R/B,378,2225,2603
COSMOS 591,379,2226,2605
COSMOS 878,380,2227,2607
COSMOS 830,381,2228,2609
OBJECT E,382,2230,2612
BOBCAT-1,2516,97,2613
COSMOS 2257,541,2076,2617
COSMOS 590,386,2236,2622
KL-ALPHA A,1349,1277,2626
STARLINK-1439,2561,67,2628
CZ-11 R/B,1419,1210,2629
DELTA 1 R/B(1),1344,1286,2630
COSMOS 2337,558,2073,2631
COSMOS 842,1420,1212,2632
COSMOS 2012,414,2219,2633
COSMOS 1134,415,2231,2646
COSMOS 534,552,2104,2656
COSMOS 682,418,2240,2658
COSMOS 1475,553,2105,2658
DEMI,2586,72,2658
OPS 8314 (2),548,2111,2659
COSMOS 2129,419,2241,2660
COSMOS 1691,571,2090,2661
COSMOS 1523,550,2114,2664
COSMOS 2385,555,2113,2668
CZ-4B R/B,2599,73,2672
COSMOS 1995,579,2095,2674
COSMOS 2250,578,2099,2677
COSMOS 1158,556,2124,2680
SL-8 R/B,1421,1259,2680
GONETS D1 4,581,2100,2681
COSMOS 825,559,2125,2684
DELTA 1 R/B(CEP 1),560,2126,2686
COSMOS 2166,594,2092,2686
DELTA 1 R/B,568,2120,2688
COSMOS 734,561,2128,2689
COSMOS 2201,596,2094,2690
SL-14 R/B,562,2129,2691
ONEWEB-0163,1057,1638,2695
COSMOS 2187,565,2135,2700
SL-8 R/B,1422,1299,2721
COSMOS 338,395,2345,2740
COSMOS 1794,396,2347,2743
COSMOS 792,575,2169,2744
COSMOS 1808,1423,1325,2748
COSMOS 1910,611,2137,2748
COSMOS 1320,397,2352,2749
COSMOS 2074,1424,1326,2750
COSMOS 1526,573,2178,2751
GONETS D1 3,613,2138,2751
STARLINK-1786,2696,59,2755
COSMOS 1617,595,2161,2756
SL-14 R/B,432,2330,2762
ONEWEB-0028,1059,1705,2764
STARLINK-1229,2694,77,2771
THORAD AGENA D R/B,1728,1044,2772
SL-14 R/B,296,2480,2776
COSMOS 2173,1426,1361,2787
COSMOS 1553,1425,1370,2795
COSMOS 1249 COOLANT,1734,1070,2804
ONEWEB-0210,1060,1752,2812
STARLINK-1064,2739,74,2813
COSMOS 875,435,2380,2815
COSMOS 941,436,2382,2818
COSMOS 2116,625,2198,2823
ESSA 8 (TOS-F),582,2242,2824
COSMOS 2197,627,2202,2829
COSMOS 1929,591,2243,2834
KL-BETA B,1738,1096,2834
COSMOS 340,592,2245,2837
COSMOS 2041,600,2237,2837
COSMOS 785,1427,1423,2850
COSMOS 795,422,2450,2872
COSMOS 735,423,2451,2874
COSMOS 1322,421,2455,2876
GONETS M 06,424,2452,2876
COSMOS 1323,301,2577,2878
COSMOS 1531,1560,1318,2878
GLOBALSTAR M068,617,2262,2879
SL-8 R/B,1737,1145,2882
GLOBALSTAR M023,618,2264,2882
COSMOS 1750,614,2276,2890
COSMOS 1231,456,2436,2892
ONEWEB-0061,1062,1834,2896
METEOR 2-19,1741,1158,2899
COSMOS 2301,623,2278,2901
YAOGAN-32 2B,2098,803,2901
STARLINK-1204,2846,66,2912
FAISAT,1428,1490,2918
YAOGAN-32 2A,2103,820,2923
SL-8 R/B,1562,1363,2925
BRITE TORONTO,2104,821,2925
COSMOS 2064,433,2494,2927
SINAH 1,2105,822,2927
SL-8 R/B,1563,1375,2938
GONETS D1 6,608,2332,2940
CZ-4B R/B,2872,68,2940
CZ-4C R/B,2106,837,2943
STARLINK-2200,2879,69,2948
PEGASUS R/B,2839,111,2950
COSMOS 1999,631,2322,2953
DNEPR 1 R/B,1066,1887,2953
COSMOS 1579 FUEL CORE,1748,1207,2955
ONEWEB-0112,1067,1889,2956
THOR AGENA D R/B,1757,1200,2957
TZINGHUA 1,2108,850,2958
THOR ABLESTAR R/B,1759,1201,2960
THOR AGENA B R/B,1564,1399,2963
CZ-4C R/B,1429,1534,2963
SL-8 R/B,1567,1402,2969
PATHFINDER 1,2109,861,2970
SL-3 R/B,2891,81,2972
SL-8 R/B,1568,1404,2972
COSMOS 2386,637,2335,2972
STARLINK-1952,2860,112,2972
ASTRID 2,1565,1408,2973
COSMOS 1828,638,2336,2974
STARLINK-2202,2904,70,2974
COSMOS 2361,1569,1406,2975
STARLINK-2173,2908,71,2979
COSMOS 1876,616,2364,2980
LEMUR 2 LIU-POU-CHUN,2895,85,2980
SL-14 R/B,2138,843,2981
COSMOS 2042,624,2357,2981
SL-8 R/B,1566,1415,2981
ALSAT 2B,2117,866,2983
SCOUT A R/B,1766,1218,2984
COSMOS 1333,1432,1552,2984
HINODE (SOLAR B),2118,868,2986
STARLINK-1985,2901,86,2987
TIGRISAT,2110,879,2989
TSIKADA,1430,1560,2990
COSMOS 2180,1431,1561,2992
UK-DMC,2112,882,2994
COSMOS 256,1068,1935,3003
SL-8 R/B,1570,1435,3005
MOZHAYETS 4,2113,892,3005
TIMATION 2,1768,1239,3007
COSMOS 1959,1571,1437,3008
COSMOS 928,1572,1440,3012
STARLINK-1469,2930,83,3013
COSMOS 475,1573,1442,3015
SIMPL,2923,92,3015
COSMOS 684,619,2397,3016
SL-8 R/B,481,2535,3016
COSMOS 2303,620,2398,3018
ONEWEB-0067,1069,1950,3019
COSMOS 677,621,2399,3020
STARLINK-1218,2907,114,3021
COSMOS 2040,622,2400,3022
COSMOS 1579 COOLANT,1771,1251,3022
LEMUR 2 ROCKETJONAH,2938,84,3022
COSMOS 2039,640,2383,3023
GGSE 4,1772,1252,3024
OBJECT RC,2947,78,3025
DELTA 1 R/B,2116,910,3026
COSMOS 1932,1574,1453,3027
COSMOS 1480,447,2583,3030
PSAT 2,2115,915,3030
STARLINK-43,2945,87,3032
G-SAT,2916,116,3032
SAMSAT 218D,2940,94,3034
AQT-D,2917,117,3034
STARLINK-3126,2922,115,3037
COSMOS 367,1765,1274,3039
STARLINK-2313,2950,89,3039
GB 2,1160,1880,3040
OPS 1117 (TRANSIT 12),1161,1883,3044
COSMOS 402,1576,1469,3045
SL-8 R/B,1575,1471,3046
TRAAC,1163,1884,3047
ONEWEB-0023,1071,1977,3048
ONEWEB-0258,1082,1969,3051
STARLINK-1831,2934,118,3052
FR 1,2132,922,3054
COSMOS 2142,1433,1621,3054
ORBCOMM FM 111,2161,893,3054
SL-24 R/B,2120,939,3059
COSMOS 1891,1434,1626,3060
GOSAT (IBUKI),2136,926,3062
SL-14 R/B,646,2417,3063
ALOUETTE 1 (S-27),1577,1487,3064
QUETZAL-1,2974,90,3064
COSMOS 422,1578,1488,3066
CAPE 1,2162,906,3068
COSMOS 2214,642,2429,3071
STARLINK-1945,2992,80,3072
SPRITE-SAT (RISING),2168,905,3073
COSMOS 2268,644,2432,3076
ONEWEB-0092,1072,2004,3076
STARLINK-3099,2958,119,3077
COSMOS 1372 FUEL CORE,1783,1295,3078
NANOSAT 1B,2140,938,3078
THOR AGENA D R/B,1775,1305,3080
AAM/PSLV,2942,138,3080
FLOCK 2K 01,2943,140,3083
OSCAR 5,636,2449,3085
APEX,2944,141,3085
DELTA 1 R/B,2144,943,3087
ORBCOMM FM 115,2121,966,3087
NADEZHDA 5,1579,1509,3088
SL-8 R/B,1781,1307,3088
STARLINK-3108,2972,121,3093
SDS-4,2174,920,3094
ARMADILLO,2973,122,3095
ATLAS H R/B,1773,1324,3097
DELTA 1 R/B,2131,970,3101
SJ-11-01,2125,979,3104
COSMOS 535,643,2462,3105
PLEIADES 1,2126,980,3106
LINGQIAO VIDEO A,2157,949,3106
EGS (AJISAI),468,2639,3107
OBJECT G,1171,1936,3107
COSMOS 2508,469,2640,3109
CZ-4B R/B,2979,130,3109
STARLINK-3098,2983,126,3109
LEMUR 2 ROMACOSTE,2986,127,3113
BREEZE-KM R/B,656,2458,3114
COSMOS 209,1790,1327,3117
MACSAT 2 (M 2),2185,932,3117
COSMOS 2213,659,2459,3118
SL-14 R/B,1777,1342,3119
IRIDIUM 170,2163,956,3119
NIGERIASAT 2,2152,968,3120
SAC-D (AQUARIUS),2159,962,3121
RUBIN 4/SL-8,2153,969,3122
CUSAT 2/FALCON 9,1784,1338,3122
BREEZE-KM R/B,2997,125,3122
OPS 8480 (TRANSIT 5B-6),1435,1689,3124
COSMOS 1524,491,2635,3126
COSMOS 1153,1438,1694,3132
COSMOS 1244,1436,1696,3132
COSMOS 2145,673,2461,3134
STARLINK-1988,3006,129,3135
COSMOS 1027,1581,1556,3137
COSMOS 2043,674,2463,3137
COSMOS 2069,494,2644,3138
CZ-2C R/B,2171,967,3138
COSMOS 1193,493,2646,3139
COSMOS 1251,495,2645,3140
COSMOS 1157,655,2487,3142
SL-3 R/B,1791,1353,3144
COSMOS 2126,470,2675,3145
SL-8 R/B,1437,1709,3146
COSMOS 2194,471,2676,3147
DMC 3-FM2,2172,976,3148
STARLINK-1599,3020,128,3148
COSMOS 946,311,2838,3149
IRIDIUM 176,2197,952,3149
COSMOS 1266 FUEL CORE,1786,1364,3150
SL-8 R/B,1580,1572,3152
COSMOS 1559,473,2679,3152
COSMOS 1014,312,2843,3155
SL-8 R/B,474,2682,3156
COSMOS 1857,647,2509,3156
COSMOS 1473,670,2488,3158
ONEWEB-0273,1085,2074,3159
COSMOS 1607,1804,1357,3161
ONEWEB-0341,1086,2075,3161
COSMOS 1252,648,2515,3163
COSMOS 1131,475,2692,3167
COSMOS 1299 FUEL CORE,1788,1382,3170
H-2A R/B,2207,964,3171
SL-8 R/B,1582,1591,3173
COSMOS 1736,1797,1377,3174
COSMOS 571,652,2523,3175
NIGERIASAT X,2156,1019,3175
OSCAR 7,653,2524,3177
SL-8 R/B,1443,1736,3179
COSMOS 1861,1440,1743,3183
CZ-4C R/B,1444,1739,3183
STARLINK-1501,3059,132,3191
STARLINK-2080,3061,133,3194
OPS 8180 (STP RADSAT),2188,1008,3196
OSCAR 29,1442,1755,3197
APEX R/B,3066,134,3200
COSMOS 1574,1583,1624,3207
SL-8 R/B,657,2552,3209
SL-8 R/B,658,2553,3211
STARLINK-3128,3074,137,3211
COSMOS 890,1584,1628,3212
ANIK D2 R/B(PAM-D),3077,135,3212
STARLINK-2177,3078,136,3214
DELTA 2 R/B,1441,1774,3215
P 76-5,1439,1777,3216
COSMOS 2507,319,2897,3216
STARLINK-3136,3079,139,3218
GAOFEN 12 (02),2241,988,3229
SL-14 R/B,1801,1430,3231
RASAT,2194,1037,3231
MOZ.5/SAFIR/RUBIN 5/SL-8,2196,1038,3234
SL-8 R/B,2244,990,3234
CZ-4B R/B,1810,1424,3234
STARLINK-3130,3093,142,3235
NADEZHDA 6,2206,1032,3238
ESSA 3 (TOS-A),484,2757,3241
COSMOS 2189,502,2740,3242
STARLINK-3044,3100,143,3243
COSMOS 1176,1808,1436,3244
COSMOS 1304,1811,1433,3244
COSMOS 2071,503,2741,3244
SL-8 R/B,485,2760,3245
LARES,661,2586,3247
VRSS-2,2253,995,3248
COSMOS 2011,662,2587,3249
COSMOS 2239,1445,1807,3252
STARLINK-3049,3107,146,3253
LEMUR 2 KEVIN,3110,144,3254
KOMPSAT,2221,1035,3256
STARLINK-3105,3112,145,3257
COSMOS 718,506,2752,3258
COSMOS 1104,1446,1812,3258
PROSPERO (BLACK ARROW),2205,1054,3259
COSMOS 416,507,2753,3260
H-2A R/B,2249,1012,3261
KL-BETA A,1816,1447,3263
COSMOS 1579 COOLANT,1817,1448,3265
SL-8 R/B,2189,1079,3268
SCOUT B-1 R/B,2260,1015,3275
COSMOS 2190,678,2600,3278
CUBESAT XI 5,2193,1086,3279
DELTA 1 R/B,671,2609,3280
SL-8 R/B,1585,1695,3280
DELTA 1 R/B,665,2616,3281
COSMOS 411,672,2610,3282
SL-8 R/B,1590,1693,3283
COSMOS 1928,666,2617,3283
COSMOS 595,667,2618,3285
COSMOS 683,668,2619,3287
COSMOS 1372,1807,1483,3290
COSMOS 2170,693,2599,3292
ALSAT 1,2277,1016,3293
COSMOS 2135,1815,1480,3295
ONEWEB-0247,1075,2220,3295
COSMOS 766,688,2608,3296
CZ-2C R/B,2272,1028,3300
STARLINK-3079,3155,147,3302
STARLINK-3141,3150,153,3303
BD-28,3050,258,3308
STARLINK-3303,3159,149,3308
COSMOS 883,1448,1864,3312
SL-8 R/B,1586,1735,3321
LIGHTSAIL,2232,1090,3322
CZ-4C R/B,2236,1088,3324
COSMOS 724,1827,1499,3326
DUBAISAT 1,2237,1089,3326
SL-14 R/B,2292,1036,3328
SL-16 R/B,2259,1069,3328
ONEWEB-0045,1077,2254,3331
ONEWEB-0058,1078,2255,3333
ONEWEB-0047,1079,2256,3335
SL-8 R/B,1447,1893,3340
COSMOS 2366,1587,1757,3344
SJ-11-08,2213,1133,3346
TRANSIT 4A,1831,1518,3349
COSMOS 807,1449,1900,3349
CZ-4C R/B,2220,1135,3355
CZ-4C R/B,2273,1084,3357
TIROS 1,2306,1052,3358
COSMOS 800,1450,1909,3359
STARLINK-3132,3203,156,3359
SAUDICOMSAT 4,2275,1085,3360
SDS-1,2305,1056,3361
NIMBUS 7,1820,1543,3363
APRIZESAT 5,2222,1144,3366
NLS 7.2/CANX 5,2266,1101,3367
COSMOS 586,1588,1782,3370
SL-8 R/B,1589,1783,3372
COSMOS 1459,1824,1549,3373
TAURUS R/B,2313,1063,3376
SAUDICOMSAT 3,2283,1093,3376
THOR BURNER 2 R/B,2265,1113,3378
SL-8 R/B,1452,1927,3379
COSMOS 2509,323,3057,3380
OPS 4988 (GREB 6),1840,1541,3381
SL-3 R/B,1835,1547,3382
METEOR 2-14,1825,1565,3390
PARASOL,2303,1087,3390
COSMOS 1677,1826,1567,3393
COSMOS 44,2240,1157,3397
ORBCOMM FM 2,2308,1091,3399
COSMOS 2202,703,2698,3401
COSMOS 2517 (GEO-IK),1828,1575,3403
RAX-2,2325,1080,3405
COSMOS 1627,1451,1957,3408
LATINSAT B,2285,1130,3415
DIAMANT R/B,2315,1103,3418
ONEWEB-0376,1453,1966,3419
COSMOS 1275,1455,1965,3420
POLAR BEAR,1454,1967,3421
NANOSAT(1),2300,1126,3426
COSMOS 1860,1593,1838,3431
M-4S R/B,1591,1843,3434
SL-8 R/B,1594,1840,3434
ONEWEB-0371,1592,1845,3437
FIRST-MOVE,2322,1122,3444
SJ-11-02,2262,1183,3445
GAOFEN 6,2339,1108,3447
EXPLORER 30,2324,1127,3451
SL-8 R/B,1456,1998,3454
OPS 1509 (TRANSIT 10),1457,1999,3456
SAUDICOMSAT 7,2328,1129,3457
COSMOS 2497,328,3131,3459
GAOFEN 9,2327,1134,3461
COSMOS 2549,1857,1609,3466
ALSAT 2A,2316,1151,3467
ORBCOMM FM 106,2330,1137,3467
SL-14 R/B,2341,1128,3469
FLOCK 2K 14,3313,157,3470
SL-8 R/B,1599,1873,3472
ZACUBE,2331,1142,3473
COSMOS 1150,1458,2017,3475
DELTA 1 R/B(+CAMEO),1596,1881,3477
COSMOS 1693,715,2765,3480
AVUM R/B,2336,1148,3484
METEOR 2-17,1836,1652,3488
SL-3 R/B,1864,1627,3491
LANDSAT 9,2135,1356,3491
COSMOS 1751,330,3162,3492
SCOUT A R/B,1459,2034,3493
ORBCOMM FM 1,2343,1150,3493
ORBCOMM FM 117,2137,1358,3495
FLOCK 2K 20,3333,163,3496
SL-14 R/B,2342,1155,3497
DELTA 2 R/B,3334,167,3501
YUBELEINY 2,331,3171,3502
COSMOS 764,329,3174,3503
ORBCOMM FM 39,2332,1173,3505
YAOGAN 4,2352,1153,3505
SL-8 R/B,1598,1908,3506
FLOCK 2K 38,3349,158,3507
SL-8 R/B,1600,1910,3510
SL-8 R/B,1601,1911,3512
SL-8 R/B,1609,1904,3513
PHOENIX,3355,159,3514
COSMOS 1412 FUEL CORE,1846,1670,3516
FLOCK 2K 46,3356,161,3517
COSMOS 860,1847,1671,3518
METEOR 2-13,1849,1669,3518
STARLINK-3117,3357,162,3519
COSMOS 192,2141,1381,3522
SHIYAN 2 (SY-2),2142,1384,3526
FTV 3502,2351,1178,3529
OBJECT K,3360,171,3531
COSMOS 2463,1606,1930,3536
VNREDSAT 1,2143,1394,3537
DMC 3-FM1,2364,1174,3538
STARS EC,3371,169,3540
SL-8 R/B,1460,2082,3542
SL-8 R/B,1603,1939,3542
NOUR 01,3382,160,3542
SL-8 R/B,1604,1941,3545
COSMOS 846,1611,1938,3549
SL-8 R/B,1607,1942,3549
COSMOS 1579 COOLANT,1872,1677,3549
SL-8 R/B,1610,1940,3550
FLOCK 2K 26,3388,164,3552
ANTELSAT,2337,1217,3554
GLOBAL-8,3290,269,3559
SKYSAT C17,3291,268,3559
SL-8 R/B,1612,1948,3560
COSMOS 1448,1597,1964,3561
SL-8 R/B,1618,1943,3561
LANDSAT 7,2147,1414,3561
COSMOS 1535,1613,1951,3564
COSMOS 1412,1855,1710,3565
SL-8 R/B,1614,1952,3566
DEIMOS 1,2371,1196,3567
STARLINK-3156,3390,177,3567
SL-8 R/B,1619,1949,3568
HAIYANG 2A,1615,1954,3569
ESTCUBE 1,2372,1197,3569
ACRUX 1,3300,270,3570
COSMOS 832,338,3233,3571
SL-14 R/B,339,3235,3574
RSP-01,3304,271,3575
FLOCK 2K 48,3405,172,3577
KAGAYAKI,2392,1187,3579
SL-14 R/B,2412,1169,3581
COSMOS 1349,1602,1982,3584
COSMOS 1640,529,3055,3584
SL-14 R/B,1837,1748,3585
FLOCK 2K 08,3412,173,3585
SL-8 R/B,1461,2127,3588
COSMOS 381,1621,1972,3593
COSMOS 823,1617,1976,3593
SL-8 R/B,1622,1973,3595
PAYLOAD A,2382,1214,3596
FLOCK 2K 19,3307,289,3596
NADEZHDA 1,1605,1993,3598
AEROCUBE 2,2179,1422,3601
GLOBALSTAR M067,341,3260,3601
OCO 2,2158,1443,3601
GLOBAL-17,3311,290,3601
SL-8 R/B,1608,1995,3603
COSMOS 2334,1625,1978,3603
COSMOS 1168,1620,1984,3604
SL-8 R/B,1626,1979,3605
COSMOS 1257,521,3086,3607
FLOCK 2K 17,3434,174,3608
RISAT 2,3317,292,3609
COSMOS 2098,3426,184,3610
UWE-1,2365,1247,3612
DELTA 2 R/B(1),2405,1208,3613
SOHLA-1 (MAIDO-1),2414,1199,3613
PAYLOAD C,2367,1248,3615
DESCENT,3437,178,3615
MIR-SAT 1,3432,183,3615
COSMOS 2491,343,3273,3616
SL-16 R/B,1462,2155,3617
COSMOS 2468,344,3275,3619
COSMOS 2481,345,3276,3621
DELTA 1 R/B,346,3277,3623
COSMOS 1579 COOLANT,1844,1779,3623
CZ-4B R/B,1845,1780,3625
COSMOS 1249 COOLANT,1952,1674,3626
STARLINK-3160,3438,188,3626
GLOBAL-7,3350,278,3628
REDEYE 1 (PINOT),3454,176,3630
STARLINK-3150,3444,186,3630
SL-8 R/B,1624,2007,3631
CZ-4C R/B,2424,1209,3633
RAZAKSAT,2436,1198,3634
COSMOS 971,1623,2012,3635
SJ-11-06,2177,1458,3635
STARLINK-3145,3448,187,3635
SL-8 R/B,1616,2021,3637
SL-14 R/B,1628,2011,3639
COSMOS 1197,538,3102,3640
COSMOS 1579 COOLANT,1956,1684,3640
IRIDIUM 39,2119,1522,3641
TERRIERS,3343,298,3641
SOLRAD 7B,1865,1778,3643
COSMOS 1241,1627,2018,3645
SL-8 R/B,2430,1215,3645
CZ-2C R/B,2191,1454,3645
PROMETHEUS 2-6,3369,276,3645
SORTIE,3456,189,3645
KOMPSAT 3,2383,1263,3646
SL-8 R/B,2384,1264,3648
COSMOS 716,539,3109,3648
ELECTRON KICK STAGE R/B,3459,190,3649
OBJECT RT,3467,182,3649
SL-14 R/B,1866,1786,3652
SL-8 R/B,1463,2190,3653
ROCSAT 2,1955,1700,3655
STARLINK-1182,3470,185,3655
SL-8 R/B,1464,2193,3657
SL-8 R/B,347,3313,3660
COSMOS 1174,1629,2031,3660
STARLINK-1406,3386,277,3663
NLS 7.1/CANX 4,2442,1222,3664
COSMOS 991,1637,2029,3666
WEINA 2,2183,1484,3667
YAOGAN-32 A,2184,1485,3669
SL-14 R/B,2438,1233,3671
COSMOS 1759,1634,2039,3673
FORMOSAT-5,2123,1551,3674
BREEZE-KM R/B,2441,1234,3675
COSMOS 1249 COOLANT *,1635,2041,3676
ORBCOMM FM 107,2175,1501,3676
STARLINK-1754,3370,308,3678
COSMOS 2498,350,3330,3680
FLOCK 2K 34,3485,195,3680
FALCON 9 R/B,351,3331,3682
GLOBAL-16,3378,304,3682
MAYA-2,3401,282,3683
COSMOS 506,540,3144,3684
SL-8 R/B,1632,2052,3684
COSMOS 1925,549,3135,3684
OBJECT U,3380,305,3685
QASED R/B,3404,283,3687
ODYSSEY,3381,306,3687
OPS 1527 (OV3-1),1856,1832,3688
DELTA 1 R/B,352,3336,3688
UNHA 3 R/B,3379,310,3689
MAYA-4,3406,284,3690
CZ-2D R/B,2463,1231,3694
DODECAPOLE 2,1859,1836,3695
PAYLOAD B,2450,1245,3695
COSMOS 952,1875,1821,3696
COSMOS 654,1871,1826,3697
GONETS M 18,547,3152,3699
ONEWEB-0286,2483,1216,3699
OBJECT SA,3510,191,3701
SL-8 R/B,1641,2061,3702
STARLINK-1947,3506,196,3702
COSMOS 1295,1631,2072,3703
SL-8 R/B,1642,2062,3704
HJ-2A,2470,1235,3705
FLOCK 2K 36,3514,194,3708
DIAMANT R/B,1890,1819,3709
SL-8 R/B,1407,2302,3709
FAUNA,3425,286,3711
SL-8 R/B,1646,2066,3712
ORSTED,2416,1297,3713
SL-8 R/B,1647,2067,3714
SL-3 R/B,1877,1839,3716
PROMETHEUS 2-9,3429,287,3716
GAOFEN 1,2474,1243,3717
OBJECT SC,3524,193,3717
SL-8 R/B,1630,2088,3718
FLOCK 2K 23,3523,197,3720
TOPSAT,2210,1511,3721
COSMOS 2531,366,3356,3722
SENTINEL 1A,2211,1512,3723
COSMOS 2512,2401,1322,3723
VPM,3409,314,3723
COSMOS 713,367,3358,3725
NADEZHDA 3,1648,2077,3725
FLOCK 2K 32,3410,315,3725
CZ-2C R/B,2403,1323,3726
BREEZE-KM R/B,372,3354,3726
CHEFSAT-2,3415,312,3727
GONETS M 13 (M23),551,3177,3728
PEGASUS R/B,2468,1261,3729
CAPSAT,3417,313,3730
SL-8 R/B,1633,2098,3731
COSMOS 1579 COOLANT,1967,1769,3736
STARLINK-3125,3537,199,3736
SL-8 R/B,1649,2089,3738
IRIDIUM 175,2507,1232,3739
GLOBALSTAR M001,369,3371,3740
COSMOS 2389,1653,2087,3740
GONETS M 21,370,3372,3742
PEGASUS R/B,2133,1610,3743
CRYOSAT 2,2130,1614,3744
OBJECT E,2190,1554,3744
COSMOS 1771,1870,1875,3745
SPARK 2,2182,1564,3746
PROMETHEUS 2-7,3455,291,3746
CARBONITE 1,2510,1237,3747
OAO 3 (COPERNICUS),2209,1540,3749
TATIANA,1882,1867,3749
STARLINK-3124,3551,198,3749
SL-8 R/B,1692,2063,3755
COSMOS 1579 COOLANT,1693,2064,3757
PRATHAM,2200,1557,3757
COSMOS 2154,1657,2102,3759
GLOBALSTAR M040,731,3029,3760
EXPLORER 20,1873,1888,3761
ARIANE 5 R/B,2496,1265,3761
FLOCK 2K 28,3445,316,3761
SPOC,3561,200,3761
ATLAS CENTAUR 2 R/B,1971,1791,3762
COSMOS 446,732,3030,3762
SL-14 R/B,569,3193,3762
FLOCK 2K 18,3446,317,3763
COSMOS 2118,733,3031,3764
SL-8 R/B,1643,2123,3766
DELTA 1 R/B,1970,1796,3766
PSLV R/B,3560,206,3766
SL-3 R/B,1972,1795,3767
AEROCUBE 7B,3471,297,3768
SKYSAT C19,3566,202,3768
SL-8 R/B,1638,2131,3769
CALSPHERE 1,1639,2133,3772
COSMOS 2346,1636,2136,3772
BINAR-1,3473,299,3772
OPS 7898 (P/L 3),1640,2134,3774
SL-8 R/B,2204,1571,3775
SSA,2195,1581,3776
SKYSAT C14,3476,300,3776
SKYSAT C18,3575,203,3778
STARLINK-3129,3577,201,3778
COSMOS 220,2479,1300,3779
COSMOS 1137,371,3409,3780
POPACS 2,2490,1290,3780
FLOCK 2K 12,3479,301,3780
APRIZESAT 1,2214,1568,3782
RUBIN 9.1/RUBIN 9.2/PSLV,2134,1649,3783
PROGRESS M-UM,3457,326,3783
JD 2,3458,327,3785
COSMOS 1226,1644,2143,3787
SWARM A,3461,328,3789
CSS (TIANHE-1),3579,210,3789
COSMOS 729,1645,2146,3791
TET-1,3581,211,3792
COSMOS 1924,374,3422,3796
BEIJING 1 (TSINGHUA),2225,1573,3798
NOAA 3,375,3425,3800
COSMOS 1736 FUEL CORE,1651,2149,3800
LEMUR 2 GUSTAVO,3016,784,3800
H-2A R/B,3011,792,3803
GLOBAL-15,3472,331,3803
GOKTURK 2,2513,1292,3805
COSMOS 1386,1664,2142,3806
CSTB 1,2139,1667,3806
CZ-2C R/B,3501,307,3808
COSMOS 2407,1661,2148,3809
LEMUR 2 PETERG,3019,791,3810
COSMOS 2490,384,3427,3811
SPARK 1,2216,1595,3811
COSMOS 1447,1652,2164,3816
MAST,2508,1308,3816
SL-3 R/B,1902,1916,3818
SPOT 6,2217,1605,3822
OKEAN 3,3035,788,3823
NAXING 1,3036,789,3825
SICH 2,2226,1600,3826
CZ-6 R/B,3504,322,3826
STPSAT-4,3622,204,3826
YAOGAN-30 AB,3027,799,3826
COSMOS 1388,572,3257,3829
REDEYE 3 (CABERNET),3625,205,3830
YAOGAN-32 B,2228,1603,3831
AQUA,2230,1602,3832
SL-8 R/B,1677,2157,3834
SL-8 R/B,1650,2184,3834
ORBCOMM FM 109,2201,1635,3836
HILAT,2146,1691,3837
STARLINK-3137,3630,208,3838
STARLINK-3154,3631,209,3840
COSMOS 663,1681,2160,3841
SL-8 R/B,1660,2181,3841
KOMPSAT 2,2229,1612,3841
AAUSAT 4,3037,804,3841
SHIJIAN 6 01B (SJ-6 01B),3052,790,3842
OV1-10 R/B,3038,806,3844
COSMOS 962,1662,2182,3844
COSMOS 1428,1675,2173,3848
SPAWAR-CAL-R,3040,808,3848
GUARANISAT-1,3636,213,3849
STARLINK-3052,3045,805,3850
TIANZHOU 2,3639,214,3853
SL-8 R/B,1679,2175,3854
TIANZHOU 3,3640,215,3855
VELOX 1,2563,1293,3856
COSMOS 2248,741,3116,3857
SZ-13,3641,216,3857
ALSAT 1B,2518,1341,3859
NEXTSAT-1,3064,795,3859
SL-8 R/B,1655,2205,3860
GCOM W1,2231,1630,3861
OPS 7898 (P/L 2),1656,2206,3862
SL-3 R/B,3069,796,3865
ITUPSAT 1,2215,1650,3865
COSMOS 732,584,3282,3866
COSMOS 1660,585,3283,3868
STARS-AO,3056,812,3868
BREEZE-KM R/B,746,3123,3869
SL-14 R/B,586,3284,3870
COSMOS 2484,388,3482,3870
SAUDISAT 3,2493,1378,3871
TIROS 8,2522,1350,3872
SKYSAT C16,3655,217,3872
COSMOS 2151,3063,810,3873
COSMOS 1266,1906,1968,3874
YAOGAN-30 Q,3058,817,3875
TIANQI-12,3062,813,3875
USA 141,2149,1727,3876
TAURUS-1,2145,1731,3876
SL-19 R/B,1663,2214,3877
DELTA 2 R/B(1),3546,332,3878
ONEWEB-0261,1099,2782,3881
ONEWEB-0270,1100,2783,3883
SURCAL 150B,2472,1412,3884
OV1-20/OV1-21 AKM,2151,1734,3885
SL-8 R/B,1694,2191,3885
FUSE 1,2148,1737,3885
YAOGAN 3,2570,1315,3885
LANDSAT 8,2250,1636,3886
COSMOS 1670,1659,2229,3888
NIGERIASAT 1,2577,1311,3888
GONETS M 11 (M21),390,3498,3888
CZ-2C R/B,2245,1644,3889
YAOGAN-33,2257,1633,3890
STARLINK-3058,3088,802,3890
COSMOS 2504,1911,1981,3892
OPS 7898 (P/L 4),1654,2239,3893
COSMOS 1249 COOLANT,1892,2001,3893
SHIJIAN 6 01A (SJ-6 01A),3075,819,3894
CORVUS BC1,3071,823,3894
METEOR 2-15,1696,2199,3895
SL-8 R/B,1697,2200,3897
COSMOS 1016,589,3308,3897
GAOFEN 1-03,2558,1339,3897
DIADEME 2,2264,1634,3898
YAOGAN 24,2559,1340,3899
TANSAT,2247,1655,3902
A-1 (ASTERIX),1717,2186,3903
EO 1,2267,1637,3904
OE (NEXTSAT),3565,339,3904
METEOR 2-8,1718,2188,3906
SL-8 R/B,1698,2209,3907
RCM 3,3080,827,3907
SL-14 R/B,1686,2223,3909
PICOSAT 3,2160,1749,3909
COSMOS 574,1658,2253,3911
SL-8 R/B,1665,2246,3911
UNISAT,3083,830,3913
COSMOS 158,2150,1765,3915
FORMOSAT 3D,2543,1372,3915
HIBARI,3101,814,3915
TISAT 1,3084,833,3917
PEGASUS R/B,2154,1764,3918
ONEWEB-0321,3085,834,3919
CINEMA 3,3094,826,3920
CZ-6 R/B,1984,1937,3921
COSMOS 660,3086,836,3922
COSMOS 385,1690,2233,3923
EGYPTSAT A,2552,1371,3923
STARLINK-3100,3114,811,3925
GGSE 1 (GGRS),1913,2013,3926
SPOT 4,2165,1761,3926
ORBCOMM FM 105,2155,1773,3928
COSMOS 886,2164,1766,3930
COSMOS 565,593,3338,3931
GECAM-A,3116,815,3931
FLOCK 1C 6,3098,835,3933
ORBVIEW 1 (MICROLAB),2495,1439,3934
NADEZHDA 2,1666,2270,3936
CZ-4C R/B,2258,1678,3936
METEOR 2-21,1667,2271,3938
DELTA 2 R/B,1719,2222,3941
TIANQI-6,3102,839,3941
FLOCK 1C 11,3104,840,3944
COSMOS 726,1701,2244,3945
ONEWEB-0367,3105,841,3946
IRS 1B,1987,1962,3949
ONEWEB-0219,1089,2860,3949
SL-3 R/B,1897,2053,3950
BPA-2/SL-24 R/B,2276,1675,3951
COSMOS 1860 FUEL CORE,1899,2054,3953
COSMOS 1745,1695,2261,3956
FLOCK 2K 31,3613,343,3956
SL-14 R/B,399,3558,3957
STARLINK-3095,3126,831,3957
COSMOS 1087,400,3559,3959
COSMOS 2016,1724,2235,3959
COSMOS 1171,1678,2282,3960
THOR ALTAIR R/B,2274,1687,3961
COSMOS 876,401,3560,3961
CZ-4B R/B,2235,1728,3963
ORBCOMM FM 114,2239,1725,3964
SL-3 R/B,2167,1798,3965
RCM 2,3121,844,3965
COSMOS 1089,1668,2299,3967
CHUANG XIN 1 (CZ-1),2169,1800,3969
SL-8 R/B,1669,2301,3970
SL-12 R/B(AUX MOTOR),597,3373,3970
PRISM (HITOMI),3138,832,3970
SL-8 R/B,1704,2267,3971
COSMOS 2004,1682,2289,3971
COSMOS 400,1670,2303,3973
SL-8 R/B,1707,2266,3973
COSMOS 1085,598,3375,3973
ORBCOMM FM 119,2248,1726,3974
SL-8 R/B,1671,2305,3976
COSMOS 1299,1708,2268,3976
AURA,2278,1698,3976
LINGQIAO VIDEO B,2616,1360,3976
SL-8 R/B,1684,2293,3977
COSMOS 2315,1672,2306,3978
PLEIADES 1B,2279,1699,3978
COSMOS 1513,1710,2269,3979
TEMISAT,1673,2307,3980
COSMOS 1704,1674,2308,3982
SL-14 R/B,413,3571,3984
COSMOS 1375,1727,2260,3987
ORBCOMM FM 110,2234,1753,3987
ALSAT 1N,2515,1473,3988
COSMOS 371,2238,1751,3989
PROMETHEUS 2-3,3131,859,3990
SL-14 R/B,1712,2279,3991
DELTA 1 R/B,2288,1704,3992
SL-8 R/B,1676,2316,3992
OAO 2,2173,1820,3993
SL-3 R/B,3651,345,3996
KAZSTSAT,3139,862,4001
GREB,1916,2086,4002
COSMOS 1410,601,3401,4002
PSLV R/B,2575,1427,4002
BNU-1,2166,1837,4003
ANDESITE,3162,842,4004
STARLINK-3059,3141,863,4004
COSMOS 2503,3142,864,4006
BRO-4,3156,851,4007
SWARM C,3653,355,4008
COSMOS 1249 COOLANT,1917,2093,4010
STARLINK-3054,3158,852,4010
SL-8 R/B,1680,2331,4011
SAC C,2287,1724,4011
IRS P6,2178,1833,4011
COSMOS 2506,2176,1835,4011
COSMOS 1039,605,3407,4012
OV2-1,2246,1767,4013
SL-8 R/B,1685,2328,4013
SWAS,3160,853,4013
TIANQI-14,3143,870,4013
RAISE 2,3153,860,4013
COSMOS 1015,606,3410,4016
RANGE-A,3170,846,4016
REDEYE 2 (MERLOT),3793,224,4017
TOMS EP,2289,1729,4018
SL-8 R/B,1706,2313,4019
MINOTAUR R/B,3173,847,4020
SL-8 R/B,2170,1852,4022
SL-8 R/B,1683,2340,4023
ORBCOMM FM 112,2269,1754,4023
COSMOS 1636,607,3418,4025
UNISAT 6,2529,1497,4026
SKYSAT C15,3802,226,4028
PNEO4,2639,1389,4028
COSMOS 1752,609,3421,4030
RAPIDEYE 4,3177,854,4031
PROX-1,2251,1781,4032
YAOGAN-30 C,3148,885,4033
FLOCK 2K 10,3686,348,4034
HAIYANG 2B,1711,2324,4035
STARLINK-3082,3149,886,4035
COSMOS 2486,2291,1745,4036
STARLINK-3074,3179,857,4036
FLOCK 2K 40,3688,349,4037
COSMOS 789,1687,2351,4038
SEEDS,3180,858,4038
ONEWEB-0378,3144,895,4039
COSMOS 292,2255,1785,4040
BY70-2,2649,1391,4040
ORBCOMM FM 104,2254,1787,4041
FAISAT 2V,1689,2353,4042
SKYMED 2,2880,1162,4042
SL-8 R/B,1714,2329,4043
FUNCUBE 1,2881,1163,4044
METEOR 2-11,1731,2314,4045
MMSATS-1,3695,350,4045
TIANWANG 1A (TW-1A),3696,352,4048
SHIJIAN 6 03B (SJ-6 03B),3151,898,4049
SL-8 R/B,1729,2320,4049
BEESAT,2252,1797,4049
OPTICUBE 04,3161,889,4050
YAOGAN-30 A,3152,899,4051
ONEWEB-0037,1092,2959,4051
CERISE,3166,887,4053
LEMUR 2 DEMBITZ,3178,876,4054
FLOCK 2K 24,3828,229,4057
COSMOS 2034,1691,2367,4058
COSMOS 2467,610,3448,4058
FLOCK 2K 04,3722,337,4059
LEMUR 2 ZO,3168,891,4059
ALE-2,3829,230,4059
DMC 2,2603,1457,4060
COSMOS 2439,612,3449,4061
LEMUR 2 CHRISTINAHOLT,3165,896,4061
CUAVA-1,3723,338,4061
SL-8 R/B,1688,2374,4062
IRIS R/B,3157,908,4065
TERRA,2297,1768,4065
COSMOS 1057,420,3647,4067
OPS 6026 (DMSP 4A F1),2545,1524,4069
STARLINK-3093,3190,880,4070
STARLINK-1898,3711,364,4075
SCOUT X-4 R/B,2661,1416,4077
GRUS-1A,3187,890,4077
SL-8 R/B,1703,2375,4078
SL-14 R/B,2894,1184,4078
SL-14 R/B,2610,1468,4078
CZ-4C R/B,2662,1417,4079
TIANQI-15,3183,897,4080
STARLINK-3115,3854,227,4081
STARLINK-3127,3855,228,4083
ORBCOMM FM 103,2270,1814,4084
SORCE,3185,902,4087
YAOGAN-30 N,3171,916,4087
ONEWEB-0386,3176,911,4087
ICEYE-X7,3186,903,4089
YAOGAN 10,2665,1428,4093
LEMUR 2 GREENBERG,3175,918,4093
SL-8 R/B,1702,2394,4096
EGYPTSAT 1,2667,1431,4098
COSMOS 1383,1699,2401,4100
FLOCK 2K 27,3882,218,4100
SL-8 R/B,1700,2402,4102
ONEWEB-0140,1101,3001,4102
ATLAS CENTAUR R/B,2902,1202,4104
PEGASUS R/B,3746,360,4106
STSAT 3,3192,914,4106
SL-24 R/B,1918,2189,4107
DIWATA 2B,3189,919,4108
NINGXIA-1 4,1992,2116,4108
COSMOS 1072,1732,2377,4109
HUMSAT D,3184,925,4109
OCULUS-ASR,2580,1529,4109
SCD 2,2192,1918,4110
KOMPASS,1705,2405,4110
COSMOS 1225,1733,2381,4114
COSMOS 1816,1465,2649,4114
OSCAR 36 (UOSAT 12),2618,1498,4116
FENGNIAO 1 (FN-1),3748,368,4116
ORBCOMM FM 37,2685,1432,4117
SL-24 R/B,2212,1906,4118
FLOCK 2K 21,3762,357,4119
FLOCK 2K 41,3763,358,4121
DRUMS,3188,933,4121
IUS R/B(1),1919,2203,4122
SWISSCUBE,2294,1830,4124
ORBCOMM FM 108,2295,1831,4126
YAOGAN-30 J,3193,935,4128
COSMOS 794,630,3500,4130
COSMOS 1092,1709,2423,4132
COSMOS 620,633,3501,4134
YAOGAN 11,2911,1223,4134
COSMOS 981,634,3502,4136
DUMSAT,3224,912,4136
HJ-1A,2912,1224,4136
DELTA 1 R/B,635,3503,4138
SL-8 R/B,1713,2425,4138
COSMOS 1249 COOLANT,1735,2403,4138
OBJECT K,3204,934,4138
OBJECT BS,3227,913,4140
MEGSAT 1,3200,941,4141
ONEWEB-0265,3771,371,4142
COSMOS 976,654,3489,4143
CZ-2C R/B,3219,924,4143
SL-8 R/B,1736,2408,4144
SL-14 R/B,2689,1455,4144
SL-19 R/B,1993,2151,4144
LACUNASAT-3,3214,930,4144
OBJECT U,3217,928,4145
FLOCK 2K 37,3785,362,4147
STARLINK-1870,3922,225,4147
DELTA 1 R/B(1),2320,1828,4148
ORBCOMM FM 118,2293,1855,4148
COSMOS 1461,3220,929,4149
SL-8 R/B,1715,2440,4155
DELTA 1 R/B,1716,2443,4159
ICUBE 1,3215,944,4159
ORBCOMM FM 116,2304,1856,4160
MOHAMMED VI-A,2690,1470,4160
HJ-2B,2914,1246,4160
YAOGAN-30 F,3216,945,4161
OV1-21 R/B,1994,2168,4162
ORBCOMM FM 38,2915,1249,4164
YAOGAN-30 H,3213,951,4164
ICON,3228,936,4164
SL-8 R/B,628,3537,4165
AEROCUBE 5B,2307,1858,4165
COSMOS 1141,1739,2427,4166
GEOEYE 1,2584,1582,4166
COBE,1995,2172,4167
ONEWEB-0363,3212,955,4167
YAOGAN 7,2918,1250,4168
OKEAN O,2647,1523,4170
CP3,2309,1861,4170
COSMOS 2131,639,3532,4171
GONETS M 04,629,3542,4171
COSMOS 2271,797,3376,4173
COSMOS 2488,632,3544,4176
LEMUR 2 DAISY-HARPER,3222,954,4176
RUBIN 8/PSLV,2919,1260,4179
WNISAT 1R,3242,937,4179
KONDOR E,3815,366,4181
STARLINK-3280,4175,12,4187
TITAN 4B R/B,3247,942,4189
NOVASAR 1,3245,946,4191
AVUM R/B,2924,1269,4193
SL-14 R/B,3229,965,4194
FLOCK 2K 16,3831,365,4196
ONEWEB-0049,1107,3089,4196
CZ-2C R/B,2651,1545,4196
COSMOS 1011,1720,2477,4197
VELOX-P 2,2663,1538,4201
ONEWEB-0284,1108,3094,4202
SJ-9A,2664,1539,4203
OPS 0340,2218,1987,4205
AEROCUBE 5C,2302,1903,4205
SL-14 R/B,2219,1988,4207
DEMETER,2925,1282,4207
ONEWEB-0296,2927,1280,4207
COSMOS 985,1742,2466,4208
LANDSAT 5,2660,1548,4208
COSMOS 2279,1725,2484,4209
PRSS 1,2926,1283,4209
SHIYAN 6 02 (SY-6 02),2338,1871,4209
FLOCK 2K 07,3841,369,4210
CLEMENTINE,3271,940,4211
YAOGAN-30 T,3237,974,4211
CZ-4B R/B,2340,1872,4212
STARLINK-3157,3974,239,4213
STARLINK-3159,3975,238,4213
CZ-2C R/B,2600,1615,4215
EXCITE,3235,981,4216
COSMOS 1417,1721,2496,4217
UNAMSAT,1722,2497,4219
YAOGAN-30 W,3236,983,4219
SZ-12 MODULE,3979,240,4219
STARLINK-1809,3980,241,4221
STARLINK-3162,3978,243,4221
COSMOS 797,645,3577,4222
SL-8 R/B,1723,2499,4222
COSMOS 2540,1746,2476,4222
STARLINK-1514,3981,242,4223
APRIZESAT 10,2717,1508,4225
DUCHIFAT 1,3266,959,4225
H-2A R/B,3267,960,4227
SL-8 R/B,1726,2503,4229
LEMUR 2 ZACHARY,3268,961,4229
STARLINK-2023,3982,247,4229
COSMOS 1238,3986,244,4230
JB-3 C,3248,982,4230
STARLINK-3140,3983,248,4231
QB50P2,3252,984,4236
SKYSAT 2,2937,1301,4238
COSMOS 1036,649,3595,4244
COSMOS 2158,813,3431,4244
THOR ABLESTAR R/B,1920,2325,4245
COSMOS 589,650,3596,4246
MOS 1A (MOMO 1),1996,2250,4246
COSMOS 1430,651,3597,4248
COSMOS 1997,814,3434,4248
SCD 1,2268,1980,4248
COROT,2939,1309,4248
CZ-4C R/B,2680,1569,4249
COSMOS 2256,815,3435,4250
GAOFEN DUOMO (GFDM),2941,1310,4251
COSMOS 2515,3264,989,4253
OBJECT F,3852,402,4254
COSMOS 592,820,3436,4256
COSMOS 1589,463,3794,4257
STARLINK-3122,4004,254,4258
COURIER 1B,1747,2512,4259
COSMOS 2437,464,3795,4259
STARLINK-3158,4006,255,4261
SL-14 R/B,465,3797,4262
IRIDIUM 5,2676,1586,4262
COSMOS 1579 COOLANT,1745,2519,4264
UNISAT 2,2677,1587,4264
COSMOS 1429,467,3798,4265
OBJECT AA,3273,992,4265
COSMOS 967,1730,2538,4268
XW-2A,3863,406,4269
ORBCOMM FM 29,2679,1592,4271
STARLINK-1823,3892,379,4271
SSTL S1-4,3277,997,4274
HIROGARI (OPUSAT II),4019,256,4275
PEGASUS R/B(2),2284,1992,4276
SHIJIAN 6 04A (SJ-6 04A),3275,1001,4276
YAOGAN-30 U,3276,1002,4278
CP-7 DAVE,3872,408,4280
FALCONSAT 3,3873,409,4282
SL-8 R/B,1752,2534,4286
ONEWEB-0138,1113,3175,4288
GLOBAL-14,3881,410,4291
SAUDICOMSAT 6,2286,2006,4292
SJ-11-05,2346,1947,4293
RAMSAT,3909,387,4296
ELFIN B,3910,388,4298
FLOCK 2K 06,4040,260,4300
SPACEBEE-6,3326,977,4303
STARLINK-3097,4041,262,4303
YARILO-2,3327,978,4305
SENTINEL 1B,2347,1960,4307
MOZHAYETS,2326,1983,4309
YAOGAN-30 E,3292,1017,4309
SL-14 R/B,2956,1354,4310
ASGARDIA 1,3917,393,4310
FLOCK 2K 29,3893,418,4311
KAZEOSAT 2,2957,1355,4312
STARLINK-3060,4046,267,4313
FLOCK 2K 02,3940,374,4314
SL-8 R/B,1750,2567,4317
STARLINK-3081,4048,272,4320
KITSAT 3,2296,2026,4322
YAOGAN-30 Z,3301,1021,4322
OBJECT H,3302,1022,4324
FLOCK 1C 3,3296,1029,4325
YAOGAN-30 AE,3303,1023,4326
DELFI-N3XT,2624,1703,4327
SAUDISAT 4,2626,1701,4327
OBJECT T,3297,1030,4327
OBJECT SX,3936,391,4327
SL-8 R/B,2627,1702,4329
ORBCOMM FM 40,2753,1576,4329
SSETI-EXPRESS,2385,1945,4330
GPM,3949,381,4330
FLOCK 2K 05,4051,279,4330
AEROCUBE 7C,3950,380,4330
IXPE,3306,1024,4330
STARLINK-3072,4052,280,4332
SMAP,2629,1706,4335
COSMOS 489,1743,2596,4339
SL-14 R/B,1751,2590,4341
GECAM-B,3316,1027,4343
COSMOS 332,2314,2030,4344
RISING 2,2967,1380,4347
FLOCK 2K 47,3963,384,4347
TSURU,3964,385,4349
CZ-6 R/B,3925,425,4350
COSMOS 1579 COOLANT,1744,2607,4351
EDUSAT,2633,1719,4352
PAINANI 1,3926,426,4352
BREEZE-KM R/B,2298,2056,4354
AUREOLE 1,3952,403,4355
PSLV R/B,3953,404,4357
COSMOS 700,1754,2606,4360
LAPAN-TUBSAT,2965,1395,4360
NETSAT-2,3342,1020,4362
STARLINK-1684,3955,407,4362
METEOR 3-2,1120,3246,4366
COSMOS 626,1740,2627,4367
ONEWEB-0046,1115,3253,4368
SJ-11-03,2373,1996,4369
ONEWEB-0169,1117,3252,4369
COSMOS 2014,675,3695,4370
IRIDIUM 73,2311,2059,4370
YINHE-1,2769,1601,4370
FLOCK 2K 11,3976,396,4372
MAYA-3,3977,397,4374
SOYUZ MS-20,3939,437,4376
COSMOS 2429,1756,2621,4377
STARLINK-3068,4078,302,4380
CZ-4B R/B,2380,2008,4388
COSMOS 2523,2970,1418,4388
CLOUDSAT,2641,1750,4391
TRITON 1,2775,1616,4391
MTI,4099,293,4392
FLOCK 2K 03,3987,405,4392
YAOGAN 30,2971,1425,4396
LEMUR 2 ARTFISCHER,3985,413,4398
RAPIDEYE 5,3358,1042,4400
BILSAT 1,2638,1763,4401
STARLINK-1919,3959,442,4401
LEMUR-2-NICHOL,3359,1043,4402
FLOCK 2K 44,3960,443,4403
OBJECT P,3961,444,4405
CFESAT,3962,445,4407
SL-8 R/B,1466,2942,4408
COSMOS 1038,679,3730,4409
KAISTSAT 4,2650,1759,4409
FLOCK 2K 15,3990,419,4409
OBJECT C,3995,415,4410
SSOT,2978,1434,4412
AEROCUBE 4.5B,2669,1744,4413
ELFIN A,3992,422,4414
STARLINK-1859,3999,417,4416
FLOCK 2K 25,4001,416,4417
GB 3,3998,420,4418
PISAT,2648,1771,4419
ERBS,4000,421,4421
CZ-2D R/B,3408,1013,4421
OTB,2363,2060,4423
MIDSTAR 1,4002,423,4425
AEROCUBE 5A,3411,1014,4425
FLOCK 2K 35,3968,459,4427
CENTISPACE-1 S1,2348,2083,4431
OBJECT A,3971,460,4431
ACRIMSAT,2349,2085,4434
NPSAT1,2370,2065,4435
STEX,2329,2107,4436
ISS (NAUKA),4008,432,4440
DRAGON ENDURANCE,4009,433,4442
RADSAT-U,4124,319,4443
DRAGON CRS-24,4010,434,4444
SOYUZ MS-19,4011,435,4446
SNAP 1,2671,1776,4447
BRITE-PL 2,2985,1463,4448
PROGRESS MS-18,4012,436,4448
STARLINK-1322,3988,462,4450
ONEWEB-0126,1118,3332,4450
ISS (ZARYA),4013,438,4451
STARS (KUKAI),2994,1459,4453
XSS 10,3399,1055,4454
SL-8 R/B,1761,2694,4455
HYSIS,2984,1475,4459
OBJECT F,3428,1031,4459
COSMOS 2502,1921,2543,4464
ORCA-8,3991,473,4464
COSMOS 516,1753,2712,4465
STARLINK-3051,4141,324,4465
COSMOS 1249 COOLANT,1922,2546,4468
FLOCK 2K 45,4031,441,4472
DMC 3-FM3,2995,1478,4473
TYVAK-0173,2672,1801,4473
ONEWEB-0285,2988,1486,4474
STARLINK-1495,4030,446,4476
SL-3 R/B,1997,2482,4479
SL-12 R/B(AUX MOTOR),1755,2724,4479
COSMOS 2528,1923,2556,4479
AEROCUBE 6B,2999,1482,4481
FLOCK 2K 09,4026,456,4482
SJ-12,3436,1048,4484
COSMOS 2487,4027,457,4484
APRIZESAT 4,2681,1804,4485
STARLINK-1874,4035,450,4485
OBJECT SW,4036,454,4490
SAUDICOMSAT 2,2400,2091,4491
CZ-4C R/B,3994,497,4491
OBJECT L,2991,1500,4491
COSMOS 1607 FUEL CORE,1762,2732,4494
SCOUT G-1 R/B,1467,3027,4494
CZ-4B R/B,2354,2141,4495
COSMOS 1249 COOLANT,1763,2733,4496
BRIO,3443,1053,4496
COSMOS 679,498,4004,4502
ALOS,2686,1816,4502
COSMOS 2390,499,4005,4504
PRISMA,2990,1515,4505
FLOCK 2K 30,4003,507,4510
FLOCK 2K 39,4038,474,4512
STARLINK-3102,4180,333,4513
SL-8 R/B,1767,2748,4515
CZ-4B R/B,2996,1519,4515
SURFSAT,4015,500,4515
COSMOS 1176 COOLANT,1998,2518,4516
COSMOS 2548,497,4020,4517
APRIZESAT 7,2998,1520,4518
RISAT-2BR1,3451,1067,4518
UNIFORM 1,3004,1516,4520
TYVAK-0129,3452,1068,4520
GAOFEN 1-04,3000,1521,4521
STARLINK-3085,4186,335,4521
ONEWEB-0325,1137,3384,4521
USA 55,4018,510,4528
ONEWEB-0330,1138,3390,4528
SL-8 R/B,1760,2771,4531
SJ-11-07,2695,1844,4539
ELEKTRON 3,1999,2541,4540
SL-8 R/B,1769,2772,4541
DX 1,3015,1530,4545
LARETS,2692,1854,4546
METEOR 2-9,2000,2547,4547
CZ-4C R/B,1139,3408,4547
NOAA 4,718,3830,4548
CZ-4C R/B,4029,520,4549
SL-8 R/B,1468,3083,4551
COSMOS 1579 COOLANT,1926,2625,4551
PSLV R/B,3026,1525,4551
COSMOS 1755,719,3833,4552
COSMOS 2184,1469,3084,4553
NOAA 2 (ITOS-D),720,3834,4554
ONEWEB-0305,1140,3414,4554
SL-3 R/B,1924,2631,4555
ASTEX 1,2393,2163,4556
COSMOS 909,721,3835,4556
CZ-4C R/B,2359,2197,4556
DEORBITSAIL,3003,1553,4556
ONEWEB-0050,3433,1123,4556
ONEWEB-0293,1141,3415,4556
COSMOS 1579 COOLANT,1925,2632,4557
AEROCUBE 6A,3008,1550,4558
MKA PN2 (RELEK),3029,1531,4560
ASTRO F (AKARI),4037,526,4563
LEMUR 1,3031,1532,4563
SPACEBEE-7,3468,1095,4563
SL-14 R/B,3013,1555,4568
GAOFEN-5 02,2402,2171,4573
FENGYUN 1B,1927,2648,4575
COSMOS 1900,2399,2179,4578
CZ-4C R/B,1928,2650,4578
CZ-4 R/B,2002,2578,4580
METEOR 2-7,2001,2580,4581
ONEWEB-0063,1121,3464,4585
ONEWEB-0237,1122,3465,4587
USA 24,2434,2159,4593
ONEWEB-0167,1123,3470,4593
NADEZHDA 4,1764,2831,4595
TIMATION 1,2003,2593,4596
PEGASUS R/B,2413,2183,4596
COSMOS 465,1472,3125,4597
COSMOS 1803,514,4088,4602
STARLINK-3048,4251,351,4602
NOAA 5,509,4094,4603
ONEWEB-0343,1146,3458,4604
COSMOS 2530,510,4095,4605
GOKTURK-1A,2712,1894,4606
SL-14 R/B,3042,1566,4608
GLOBAL-3,4043,567,4610
COSMOS 1610,1470,3142,4612
SKYSAT C8,4044,568,4612
STARLINK-1968,4045,570,4615
SL-14 R/B,3033,1584,4617
NADEZHDA 7,1471,3147,4618
PROITERES,2830,1788,4618
UWE-2,2396,2224,4620
FAST 1 (USA 222),3057,1563,4620
CALIPSO,2716,1905,4621
ARIANE 5 R/B,2726,1896,4622
OBJECT M,3028,1594,4622
GAOFEN 1-02,3030,1593,4623
SL-8 R/B,2727,1897,4624
ONEWEB-0297,3034,1590,4624
ONEWEB-0340,1149,3475,4624
JILIN 1,2718,1907,4625
ONEWEB-0235,1148,3481,4629
OV1-4 R/B,2005,2626,4631
SL-19 R/B,2374,2257,4631
SL-18 R/B,1933,2699,4632
SL-14 R/B,518,4118,4636
ONEWEB-0042,1125,3511,4636
VRSS-1,3039,1598,4637
ONEWEB-0291,1150,3487,4637
KKS-1 (KISEKI),3041,1599,4640
GLOBALSTAR M092,902,3738,4640
KALAMSAT-V2/PSLV,4047,594,4641
ONEWEB-0010,1151,3490,4641
IRS 1A,1929,2715,4644
ONEWEB-0257,1153,3491,4644
SL-8 R/B,1774,2871,4645
GAOFEN 12,3048,1597,4645
ONEWEB-0125,1124,3521,4645
AEROCUBE 14A,4049,599,4648
ONEWEB-0057,1127,3525,4652
LQSAT,2836,1817,4653
CARTOSAT 2A,3043,1611,4654
STERKH,1785,2869,4654
ONEWEB-0254,1128,3526,4654
SL-14 R/B,2837,1818,4655
ONEWEB-0232,1129,3527,4656
ONEWEB-0250,1152,3504,4656
STARLINK-1743,4053,604,4657
ONEWEB-0051,1130,3528,4658
COSMOS 2524,1932,2727,4659
OPS 7613 (P/L 5),1930,2736,4666
IRAS,2006,2662,4668
OPS 1593 (TRANSIT 11),1934,2735,4669
SL-24 R/B,1931,2738,4669
PUCP-SAT 1,3053,1617,4670
STARLINK-3119,4303,367,4670
SKYMED 4,3068,1604,4672
SJ-9B,3054,1618,4672
FLOCK 2K 13,4311,361,4672
MOHAMMED VI-B,3047,1625,4672
VESTA-1,3486,1186,4672
IRIDIUM 51,3067,1606,4673
EGYPTSAT 2,2421,2252,4673
CHEOPS,2388,2285,4673
COSMOS 593,903,3771,4674
AEROCUBE 4.5A,3055,1619,4674
MUBLCOM,2389,2286,4675
SL-8 R/B,1473,3203,4676
COSMOS 2304,904,3772,4676
NEE 01 PEGASUS,3081,1596,4677
SL-14 R/B,3049,1629,4678
MUNIN,2407,2273,4680
SCOUT B-1 R/B,1474,3208,4682
COSMOS 1821,1478,3204,4682
PAKTES 1A,3051,1632,4683
SL-3 R/B,1935,2749,4684
STARLINK-3083,4314,370,4684
BADR B,1475,3210,4685
ONEWEB-0267,1155,3530,4685
MIRANDA (X-4),2427,2259,4686
ONEWEB-0134,1132,3555,4687
TDS 1,3072,1620,4692
CZ-4B R/B,3070,1622,4692
KSM1-D,3525,1167,4692
SERVIS 1,1476,3217,4693
SL-8 R/B,1479,3215,4694
COSMOS 1181,1477,3218,4695
ELYUSIUM/LOWER FREE FLYE,3527,1168,4695
ONEWEB-0283,1135,3561,4696
ONEWEB-0147,1133,3564,4697
COSMOS 2400,535,4164,4699
ONEWEB-0188,1134,3565,4699
ONEWEB-0259,1159,3543,4702
RUBIN 3/SL-8,2743,1961,4704
GP-B,3065,1639,4704
ONEWEB-0276,1157,3548,4705
GALEX,2760,1946,4706
ONEWEB-0266,1158,3550,4708
CZ-11 R/B,1936,2776,4712
ONEWEB-0252,1136,3576,4712
COSMOS 2095,912,3809,4721
SL-3 R/B,1937,2787,4724
JAS 1B (FUJI 2),1770,2954,4724
SL-24 R/B,3082,1642,4724
GLOBALSTAR M076,913,3811,4724
YIJIAN,2433,2292,4725
GLOBALSTAR M088,914,3812,4726
GLOBALSTAR M084,915,3814,4729
ONEWEB-0264,1164,3566,4730
GLOBALSTAR M086,916,3815,4731
BRITE-PL,2419,2312,4731
METEOR 1-18,2008,2725,4733
NINGXIA-1 2,2009,2726,4735
SOLRAD 7A,1939,2797,4736
PSLV R/B,2418,2318,4736
GLOBALSTAR M094,919,3817,4736
ONEWEB-0327,1165,3573,4738
COSMOS 860 COOLANT,1481,3259,4740
SAOCOM 1-B,2864,1877,4741
SL-8 R/B,554,4191,4745
ONEWEB-0026,1143,3604,4747
COSMOS 374,3095,1653,4748
CANX-2,3096,1654,4750
ONEWEB-0021,1145,3605,4750
ATLAS 28E R/B,3073,1679,4752
FAST 2 (USA 228),3087,1665,4752
STARLINK-3069,4380,372,4752
PEGASUS R/B,2779,1975,4754
GLOBALSTAR M039,925,3832,4757
MAROC TUBSAT,1480,3289,4769
ORBCOMM FM 41,2877,1892,4769
ONEWEB-0111,1147,3622,4769
OBJECT B,3541,1229,4770
PNEO3,3108,1663,4771
COSMOS 723,1799,2975,4774
SOAR,4399,375,4774
SL-14 R/B,3109,1666,4775
ONEWEB-0006,1167,3608,4775
SL-8 R/B,1778,2998,4776
ONEWEB-0221,1168,3609,4777
OPS 1264 (DMSP 4A F4),2444,2334,4778
COSMOS 2100,1779,2999,4778
COSMOS 755,1482,3297,4779
SL-8 R/B,1780,3000,4780
SL-8 R/B,1776,3008,4784
GLOBALSTAR M037,929,3862,4791
COSMOS 2272,926,3866,4792
GONETS D1 5,930,3863,4793
SAUDISAT 2,2429,2365,4794
COSMOS 1909,931,3864,4795
COSMOS 1827,927,3869,4796
COSMOS 1800,932,3865,4797
SCATSAT 1,2448,2349,4797
GGSE 5,1938,2867,4805
IMS-1,3122,1683,4805
CARTOSAT 2B,3118,1688,4806
ONEWEB-0222,1172,3642,4814
SL-14 R/B,3103,1712,4815
UNISAT 5,3099,1718,4817
COSMOS 1052,727,4092,4819
CZ-2C R/B,3089,1730,4819
DMSP 5D-2 F10 (USA 68),2500,2321,4821
BREEZE-KM R/B,728,4093,4821
SL-8 R/B,1782,3041,4823
COSMOS 1758,3569,1257,4826
COSMOS 2489,583,4243,4826
GONETS M 15 (M25),729,4098,4827
HORYU 2,3113,1716,4829
COSMOS 2165,933,3897,4830
STARLINK-3050,4447,383,4830
COSMOS 469,1484,3347,4831
OBJECT F,3124,1707,4831
SL-6 R/B(2),3115,1717,4832
COSMOS 2339,934,3898,4832
MAKERSAT 0,2456,2376,4832
ONEWEB-0065,1156,3677,4833
SL-14 R/B,744,4091,4835
GLOBALSTAR M093,946,3890,4836
SSU 1,2443,2396,4839
COSMOS 1880,936,3904,4840
SL-14 R/B,3111,1733,4844
DELTA 4 R/B,3614,1230,4844
COSMOS 1598,1483,3364,4847
AEROCUBE 8D,3583,1266,4849
OBJECT P,3584,1267,4851
COSMOS 1605,1803,3049,4852
SL-14 R/B,3120,1732,4852
SPOT 2,2464,2388,4852
SL-8 R/B,1805,3050,4855
FALCON 1 R/B,3134,1721,4855
OBJECT H,3135,1722,4857
COSMOS 1852,734,4125,4859
GLOBALSTAR M069,947,3914,4861
ONEWEB-0189,1177,3686,4863
YAOGAN-30 K,3257,1607,4864
OBJECT X,3592,1272,4864
NNSS 19 (TRANSIT 19),1787,3078,4865
SL-14 R/B,1789,3076,4865
GLOBALSTAR M082,949,3916,4865
RAPIDEYE 2,3593,1273,4866
YAOGAN-30 AF,3259,1608,4867
OBJECT D,3595,1275,4870
COSMOS 198,1940,2931,4871
ONEWEB-0316,3132,1741,4873
CUBEBUG 1,3133,1742,4875
OBJECT N,3262,1613,4875
ONEWEB-0272,1174,3701,4875
GLOBALSTAR M080,950,3927,4877
ONEWEB-0279,1175,3702,4877
ASAP-S,3600,1278,4878
SL-8 R/B,951,3928,4879
LANDSAT 3,1941,2938,4879
METEOR 3-6,1176,3703,4879
GLOBALSTAR M089,952,3929,4881
TUBSAT,2465,2418,4883
AEROCUBE 15A,4109,777,4886
SHIYAN 6 03 (SY-6 03),1490,3398,4888
ONEWEB-0312,1180,3709,4889
TYVAK-0130,3605,1287,4892
ONEWEB-0211,1179,3713,4892
SL-14 R/B,747,4146,4893
ONEWEB-0324,1181,3712,4893
ICEYE-X5,3606,1288,4894
COSMOS 644,957,3939,4896
COSMOS 1694,959,3937,4896
IHOPSAT-TD,3615,1281,4896
SL-8 R/B,749,4149,4898
GLOBALSTAR M085,960,3938,4898
HAIYANG 2C,1809,3090,4899
ORCA-1,4121,783,4904
COSMOS 945,739,4166,4905
OPTOS,2186,2719,4905
SL-14 R/B,3146,1760,4906
IRIDIUM 911,2187,2721,4908
OPS 5712 (P/L 153),1942,2967,4909
SL-8 R/B,1793,3118,4911
SL-8 R/B,1794,3119,4913
ONEWEB-0295,1185,3728,4913
SL-8 R/B,1802,3114,4916
COSMOS 926,1795,3122,4917
FIREBIRD A,4243,674,4917
SL-8 R/B,1796,3124,4920
SL-8 R/B,1485,3440,4925
XIWANG-1 (HOPE-1),1184,3741,4925
SUOMI100,3280,1646,4926
COSMOS 861,1486,3441,4927
GRUS-1C,3281,1647,4928
LEMUR-2-DAYWZAGOODDAY,3627,1302,4929
ONEWEB-0365,1487,3442,4929
COSMOS 2482,599,4332,4931
LEMUR 2 JEREMIAH,3654,1279,4933
WEINA 1B,1491,3443,4934
SL-14 R/B,961,3974,4935
POLAR SCOUT YUKON,3623,1312,4935
ESSA 5,962,3975,4937
PSLV R/B,3624,1313,4937
OF-2,4255,683,4938
COSMOS 2328,963,3976,4939
LEMUR 2 MONSON,3288,1651,4939
COSMOS 1550,1489,3451,4940
SL-8 R/B,1488,3456,4944
PEGASUS R/B,3284,1660,4944
SL-8 R/B,1798,3148,4946
YAOGAN-30 AD,3285,1661,4946
ONEWEB-0336,3286,1662,4948
YAOGAN-30 R,3287,1664,4951
COSMOS 1249,1800,3158,4958
COSMOS 2167,971,3989,4960
COSMOS 1579 COOLANT,1944,3017,4961
YAOGAN-30 D,3289,1672,4961
ONEWEB-0215,1186,3775,4961
ONEWEB-0229,1187,3776,4963
COSMOS 1831,972,3993,4965
ONEWEB-0244,1188,3779,4967
COSMOS 689,1492,3477,4969
COSMOS 1579,1943,3026,4969
ESEO,3642,1329,4971
SL-8 R/B,1493,3479,4972
SL-8 R/B,1190,3783,4973
GLOBALSTAR M066,970,4003,4973
CENTAURI-1,3652,1321,4973
SL-14 R/B,756,4218,4974
ASTROSAT,3169,1806,4975
ONEWEB-0187,1191,3784,4975
COSMOS 415,757,4219,4976
COSMOS 1566,762,4214,4976
STARLINK-3088,4548,430,4978
COSMOS 978,752,4228,4980
STARLINK-3116,4549,431,4980
COSMOS 642,748,4235,4983
CZ-2C R/B,3672,1314,4986
SL-14 R/B,3163,1824,4987
OBJECT G,3657,1330,4987
CUPID,3658,1331,4989
HJ-1B,3167,1823,4990
JILIN-01 GAOFEN 3E,3674,1316,4990
LEMUR 2 JOEL,3164,1827,4991
GLOBAL-13,4182,809,4991
SKYSAT C3,4292,700,4992
UWE-4,3660,1332,4992
COSMOS 1091,1494,3499,4993
CSIM,3661,1333,4994
COSMOS 1638,766,4229,4995
STARLINK-3045,4571,424,4995
HINCUBE,3172,1825,4997
COSMOS 1162,626,4373,4999
STARLINK-3270,4572,427,4999
SL-8 R/B,2198,2803,5001
ONEWEB-0225,1194,3807,5001
SL-8 R/B,1496,3506,5002
ATLAS D R/B,1497,3507,5004
COSMOS 628,1498,3508,5006
COSMOS 1163,750,4257,5007
SL-8 R/B,1806,3201,5007
SL-8 R/B,1499,3509,5008
METEOR 2-5,2012,2996,5008
LEMUR 2 DUNLOP,4581,429,5010
STARLINK-3053,3664,1346,5010
CZ-4B R/B,1823,3188,5011
SL-8 R/B,1500,3512,5012
YAOGAN 17A,1196,3816,5012
DEKART,3665,1348,5013
OV1-5 R/B,1501,3513,5014
STARLINK-3090,3671,1343,5014
OPS 5712 (P/L 152),1945,3072,5017
COSMOS 874,755,4262,5017
COSMOS 864,1502,3516,5018
COSMOS 1228,767,4252,5019
H-2A R/B,3668,1351,5019
AII-BRAVO,3174,1846,5020
COSMOS 1927,768,4253,5021
TABLETSAT AURORA,3669,1352,5021
ATLAS CENTAUR R/B,2208,2815,5023
RAPIDEYE 3,3309,1714,5023
SL-8 R/B,1495,3529,5024
COSMOS 2169,978,4046,5024
ARIANE 40+3 R/B,3675,1349,5024
COSMOS 715,758,4267,5025
YAOGAN-30 X,3310,1715,5025
STARLINK-3071,4578,447,5025
SL-14 R/B,4201,825,5026
DMSP 5D-3 F16 (USA 172),2013,3013,5026
GLOBALSTAR M070,979,4048,5027
COSMOS 712,777,4251,5028
GONETS M 10 (M20),759,4269,5028
OPS 2644,975,4055,5030
SKYSAT C1,4327,708,5035
YAOGAN-30 L,3312,1723,5035
COSMOS 1037,760,4280,5040
COSMOS 1249 COOLANT,1946,3095,5041
COSMOS 1431,761,4281,5042
STARLINK-3109,4591,453,5044
COSMOS 762,776,4270,5046
COSMOS 1325,764,4282,5046
SL-14 R/B,771,4275,5046
GLOBALSTAR M097,981,4065,5046
SL-3 R/B,1947,3100,5047
COSMOS 1749,982,4067,5049
THOR AGENA D R/B,1948,3103,5051
GLOBALSTAR M077,983,4068,5051
COSMOS 627,1812,3240,5052
ONEWEB-0246,1197,3857,5054
COSMOS 1249 COOLANT,1813,3242,5055
YAOGAN 19,1195,3860,5055
SL-3 R/B,4345,711,5056
COSMOS 681,773,4283,5056
STARLINK-3042,4601,455,5056
COSMOS 1725,1814,3244,5058
COSMOS 2408,774,4284,5058
DICE 1,4350,710,5060
CZ-4C R/B,1950,3111,5061
HIBER-2,3691,1373,5064
OBJECT AV,3701,1367,5068
ONEWEB-0226,1202,3868,5070
COSMOS 2270,985,4086,5071
STPSAT-5,3705,1368,5073
STARLINK-1889,4622,451,5073
GOMX 1,2223,2851,5074
STARLINK-3254,4623,452,5075
COSMOS 944,790,4286,5076
GONETS D1 2,986,4090,5076
COSMOS 304,2224,2853,5077
SKYSAT C2,4364,713,5077
COSMOS 588,791,4288,5079
COSMOS 1529,792,4289,5081
SL-8 R/B,1818,3265,5083
COSMOS 1637,793,4290,5083
SL-8 R/B,1503,3580,5083
COSMOS 943,800,4285,5085
COSMOS 860 COOLANT,1819,3266,5085
PROMETHEUS 2-1,3709,1376,5085
COSMOS 1254,780,4306,5086
COSMOS 1904,1504,3582,5086
PRISMA (TANGO),2227,2859,5086
NINGXIA-1 3,1951,3137,5088
COSMOS 529,993,4096,5089
COSMOS 1199,781,4308,5089
SARA,2573,2516,5089
SECOR 3,1949,3141,5090
DELTA 1 R/B,795,4295,5090
COSMOS 996,1505,3586,5091
SL-8 R/B,1821,3270,5091
AEROCUBE 14B,4377,714,5091
SERVIS 2,1206,3887,5093
COSMOS 1230,994,4101,5095
COSMOS 1000,1509,3587,5096
COSMOS 2092,995,4102,5097
AISTECHSAT-2,3718,1379,5097
STARLINK-3073,4636,461,5097
COSMOS 1133,772,4326,5098
E-STAR-2,4382,722,5104
LANDSAT 2,1953,3153,5106
ORS 5 SENSORSAT,3712,1396,5108
RWASAT-1,4648,463,5111
LEMUR 2 TOMHENDERSON,4234,878,5112
FLOCK 3S 2,3715,1397,5112
IRS P4 (OCEANSAT 1),2565,2548,5113
MICROSCOPE,2581,2533,5114
ONEWEB-0183,1203,3911,5114
COSMOS 2026,1507,3610,5117
COSMOS 618,789,4329,5118
OV1-4,2015,3104,5119
COSMOS 1434,782,4337,5119
COSMOS 1854,775,4344,5119
LEMUR 2 URAMCHANSOL,3721,1398,5119
COSMOS 1732,641,4479,5120
COSMOS 1522,794,4328,5122
ASTRID,1506,3616,5122
YAOGAN-30 S,3331,1792,5123
ESSA 6 (TOS-D),798,4327,5125
SCISAT 1,3205,1921,5126
YAOGAN-30 AA,3332,1794,5126
ORBCOMM FM 113,2585,2542,5127
STARLINK-3306,4658,470,5128
STARLINK-3218,4406,724,5130
STARLINK-3219,4407,725,5132
SL-8 R/B,2233,2900,5133
DUBAISAT 2,3727,1407,5134
STARLINK-2350,4408,726,5134
STARLINK-3257,4657,478,5135
GLOBALSTAR M072,996,4142,5138
STARLINK-3235,4659,479,5138
COSMOS 1577,1510,3630,5140
COSMOS 1829,997,4143,5140
GLOBALSTAR M095,998,4144,5142
STARLINK-3269,4661,481,5142
STARLINK-3258,4668,475,5143
COSMOS 2009,799,4345,5144
COSMOS 2253,999,4145,5144
COSMOS 2297,2016,3128,5144
KOMPSAT 5,3741,1403,5144
LEMUR 2 ANDIS,3341,1803,5144
STARLINK-3264,4662,482,5144
STARLINK-3043,4670,476,5146
STARLINK-3084,4663,484,5147
COSMOS 2252,1002,4147,5149
CUBEBUG 2,3223,1926,5149
OBJECT A,3738,1411,5149
GLOBALSTAR M096,1000,4150,5150
STARLINK-3288,4664,486,5150
OPS 7898 (P/L 1),1508,3643,5151
COSMOS 1912,1003,4148,5151
COSMOS 1998,1001,4151,5152
STARLINK-3304,4665,487,5152
GGSE 3,2011,3143,5154
COSMOS 1361,807,4347,5154
LUOJIA-1 01,3225,1929,5154
STARLINK-3091,4667,488,5155
COSMOS 2212,1004,4152,5156
COSMOS 564,808,4349,5157
SL-14 R/B,1005,4153,5158
COSMOS 530,812,4350,5162
COSMOS 1477,824,4338,5162
METEOR 2-2,1959,3205,5164
OPS 7613 (P/L 4),1960,3206,5166
COSMOS 1130,796,4370,5166
COSMOS 2123,1822,3345,5167
ONEWEB-0227,1221,3946,5167
STARLINK-3262,4677,490,5167
OPS 7613 (P/L 3),1954,3214,5168
SL-8 R/B,1511,3657,5168
COSMOS 2249,1006,4162,5168
ARIANE 44LP+ R/B,1969,3199,5168
COSMOS 1084,816,4353,5169
ONEWEB-0268,1222,3947,5169
STARLINK-3096,4678,491,5169
GLOBALSTAR M065,1007,4163,5170
STARLINK-3106,4671,499,5170
PERUSAT 1,2596,2575,5171
ONEWEB-0281,1223,3948,5171
STARLINK-3317,4679,492,5171
SL-8 R/B,1513,3659,5172
COSMOS 1798,819,4354,5173
STARLINK-3087,4680,493,5173
COSMOS 1562,821,4355,5176
SL-14 R/B,826,4351,5177
STARLINK-3255,4683,494,5177
COSMOS 1234,822,4356,5178
M6P,4450,729,5179
OBJECT C,3221,1959,5180
AUREOLE 2,2017,3164,5181
STARLINK-3103,4686,495,5181
ONEWEB-0239,1215,3967,5182
ONEWEB-0255,1216,3968,5184
OPS 6582 (TRANSIT 5E-5),1518,3667,5185
SL-8 R/B,3747,1438,5185
STARLINK-3201,4455,730,5185
OPS 7613 (P/L 1),1958,3228,5186
STARLINK-3289,4690,496,5186
COSMOS 1864,1519,3668,5187
SL-3 R/B,2018,3170,5188
MSX,1957,3232,5189
COSMOS 2378,1520,3669,5189
COSMOS 2483,804,4388,5192
COSMOS 1802,1514,3680,5194
METEOR 1-29,4268,927,5195
ONEWEB-0213,1199,3996,5195
COSMOS 1796,801,4395,5196
STARLINK-3047,4695,501,5196
COSMOS 1176 COOLANT,1961,3236,5197
STARLINK-3307,4696,502,5198
SCOUT X-4 R/B,1968,3231,5199
SL-8 R/B,1515,3684,5199
COSMOS 2455,1962,3237,5199
GLOBALSTAR M074,1009,4190,5199
GONETS M 20,802,4397,5199
COSMOS 505,809,4391,5200
COSMOS 1564,818,4382,5200
DEMOSAT/FALCON 1,3351,1849,5200
ONEWEB-0095,1200,4000,5200
ONEWEB-0337,3352,1850,5202
STARLINK-3268,4699,503,5202
SL-3 R/B,1964,3239,5203
GRUS-1E,3759,1444,5203
COSMOS 2438,805,4399,5204
COSMOS 1853,811,4394,5205
KAZSCISAT-1,3760,1445,5205
ONEWEB-0271,1219,3986,5205
STARLINK-3309,4701,504,5205
SL-8 R/B,1838,3368,5206
SL-8 R/B,1516,3690,5206
STARLINK-3118,4697,509,5206
COSMOS 761,823,4384,5207
COSMOS 1641,806,4401,5207
COSMOS 2245,1010,4197,5207
ONEWEB-0192,1220,3987,5207
STARLINK-3263,4702,505,5207
COSMOS 1621,1008,4200,5208
SL-8 R/B,1512,3698,5210
COSMOS 2216,1011,4199,5210
EPSILON R/B,2014,3196,5210
MOVE-II,3353,1857,5210
OPS 7613 (P/L 6),1963,3248,5211
METEOR 2-20,1842,3369,5211
SL-8 R/B,1843,3370,5213
GONETS D1 1,1012,4201,5213
SL-18 R/B,3354,1859,5213
STARLINK-3313,4708,506,5214
GONETS D1 9,1013,4203,5216
ONEWEB-0236,1231,3985,5216
DELTA 1 R/B,840,4378,5218
SL-8 R/B,1521,3697,5218
COSMOS 1249 COOLANT,1830,3388,5218
SL-8 R/B,1829,3391,5220
ONEWEB-0282,1232,3988,5220
COSMOS 1083,842,4379,5221
STARLINK-3259,4712,511,5223
COSMOS 1041,663,4561,5224
DELTA 2 R/B(1),3255,1970,5225
TAURUS R/B,2605,2620,5225
YAOGAN 9A,1975,3250,5225
ONEWEB-0224,1233,3992,5225
STARLINK-3267,4713,512,5225
COSMOS 798,664,4562,5226
COSMOS 1196,830,4396,5226
COSMOS 1393,810,4416,5226
STARLINK-3196,4491,736,5227
STARLINK-3297,4714,513,5227
YAOGAN 17C,1234,3994,5228
STARLINK-3191,4492,737,5229
OPS 4412 (TRANSIT 9),2019,3213,5232
SL-8 R/B,1832,3400,5232
COSMOS 2391,669,4566,5235
ONEWEB-0204,1225,4010,5235
YAOGAN-30 Y,3365,1870,5235
COSMOS 2230,1517,3719,5236
STARLINK-3208,4498,738,5236
CP4,2256,2981,5237
ONEWEB-0164,1226,4011,5237
COSMOS 1017,835,4403,5238
OICETS,3789,1450,5239
SECOR 1B,1973,3267,5240
COSMOS 2130,836,4405,5241
FREGAT R/B,4726,515,5241
CZ-2C R/B,3790,1451,5241
TEMPSAT 2,1974,3268,5242
STARLINK-3046,4728,516,5244
SL-8 R/B,1529,3717,5246
CZ-2C R/B,1977,3269,5246
COSMOS 1135,849,4398,5247
COSMOS 1478,831,4417,5248
SL-14 R/B,1016,4234,5250
STARLINK-3225,4507,743,5250
STARLINK-3238,4508,744,5252
PORCUPINE 1,1850,3403,5253
COSMOS 2233,1530,3724,5254
OBJECT B,4509,745,5254
ONEWEB-0275,1211,4044,5255
COSMOS 1528,844,4412,5256
STARLINK-3190,4510,746,5256
SL-8 R/B,825,4432,5257
COSMOS 1720,850,4407,5257
SL-8 R/B,1522,3735,5257
COSMOS 2266,1523,3736,5259
COSMOS 1579 COOLANT,1965,3294,5259
GONETS M 19,676,4583,5259
COSMOS 1722,846,4414,5260
STARLINK-3298,4743,517,5260
STARLINK-3089,4742,519,5261
SCOUT G-1 R/B,1833,3430,5263
ONEWEB-0171,1229,4034,5263
SL-8 R/B,1834,3432,5266
SL-8 R/B,2261,3006,5267
CZ-4C R/B,2615,2652,5267
ONEWEB-0181,1230,4037,5267
MOS 1B (MOMO 1B),1966,3303,5269
AISAT,3272,1997,5269
COSMOS 2088,680,4590,5270
COSMOS 711,845,4427,5272
COSMOS 2454,1852,3420,5272
COSMOS 1797,833,4440,5273
COSMOS 1719,834,4441,5275
COSMOS 1931,853,4422,5275
ONEWEB-0048,1212,4063,5275
SL-14 R/B,1853,3423,5276
COSMOS 528,854,4423,5277
UPM/LBSAT,3278,2000,5278
COSMOS 2414,1854,3424,5278
YAOGAN 22,1236,4042,5278
N-1 R/B,1213,4066,5279
ONEWEB-0362,1524,3755,5279
ONEWEB-0186,1237,4043,5280
OV1-5,1528,3753,5281
SL-8 R/B,855,4426,5281
PSLV R/B,3279,2002,5281
SL-8 R/B,1525,3757,5282
METEOR 2-4,2021,3262,5283
ONEWEB-0066,1214,4069,5283
COSMOS 1506,1526,3758,5284
COSMOS 1255,852,4433,5285
COSMOS 1721,856,4429,5285
COSMOS 2067,828,4457,5285
SL-8 R/B,1527,3759,5286
COSMOS 1364,832,4455,5287
COSMOS 2058,3811,1476,5287
OBJECT RA,4762,525,5287
GONETS M 22,681,4606,5287
COSMOS 983,829,4459,5288
COSMOS 1081,851,4438,5289
COSMOS 1249 COOLANT,1979,3310,5289
CIRIS,4296,994,5290
COSMOS 1086,837,4454,5291
SL-8 R/B,1532,3761,5293
COSMOS 336,862,4434,5296
COSMOS 1716,682,4615,5297
COSMOS 1362,685,4613,5298
COSMOS 272,1238,4061,5299
COSMOS 768,683,4616,5299
ATLAS 5 CENTAUR R/B,686,4614,5300
GRIFEX,3798,1502,5300
ONEWEB-0094,1239,4062,5301
STARLINK-3305,4780,521,5301
SPROUT,3385,1917,5302
NOVA 3,1245,4058,5303
ONEWEB-0208,1240,4064,5304
ONEWEB-0231,1246,4059,5305
KHALIFASAT,3387,1919,5306
ONEWEB-0299,1247,4060,5307
THORAD AGENA D R/B,1858,3450,5308
STARLINK-3275,4786,522,5308
SL-8 R/B,1533,3777,5310
COSMOS 829,865,4446,5311
STARLINK-3261,4788,523,5311
STARLINK-3055,4789,524,5313
ESSA 9 (TOS-G),866,4448,5314
COSMOS 977,838,4476,5314
SALSAT,3801,1513,5314
COSMOS 1859,839,4477,5316
PSLV R/B,2623,2693,5316
COSMOS 1294,868,4449,5317
COSMOS 1249 COOLANT,1976,3342,5318
SL-8 R/B,689,4629,5318
CZ-4B R/B,3295,2023,5318
COSMOS 1436,869,4450,5319
COSMOS 1363,690,4630,5320
COSMOS 1160,841,4480,5321
COSMOS 791,847,4475,5322
REFLECTOR,1534,3788,5322
COSMOS 1195,872,4451,5323
SACI 1,2628,2695,5323
COSMOS 507,697,4627,5324
COSMOS 873,843,4481,5324
COSMOS 951,1531,3793,5324
SL-8 R/B,1535,3789,5324
GONETS M 03,691,4633,5324
ONEWEB-0298,1253,4071,5324
COSMOS 445,873,4452,5325
COSMOS 980,848,4478,5326
SL-8 R/B,692,4634,5326
COSMOS 1287,698,4628,5326
SL-3 R/B,1978,3350,5328
COSMOS 714,857,4472,5329
DELTA 1 R/B,860,4470,5330
ONEWEB-0242,1250,4081,5331
THOR ABLESTAR R/B,1860,3473,5333
COSMOS 2125,871,4462,5333
ONEWEB-0197,1251,4082,5333
START 1,2625,2709,5334
STARLINK-3266,4806,528,5334
COSMOS 982,699,4637,5336
COSMOS 1136,694,4642,5336
COSMOS 1256,870,4466,5336
STARLINK-3272,4807,529,5336
SL-3 R/B,2022,3315,5337
SL-8 R/B,700,4638,5338
COSMOS 1771 FUEL CORE,1862,3476,5338
COSMOS 2451,695,4643,5338
ONEWEB-0440,4330,1009,5339
COSMOS 509,696,4644,5340
STARLINK-3245,4810,530,5340
COSMOS 510,702,4639,5341
SL-14 R/B,1863,3478,5341
KSM1-A,3827,1514,5341
ATLAS AGENA D R/B,2282,3060,5342
OSCAR 8,1980,3362,5342
COSMOS 1510,701,4641,5342
STARLINK-3199,4332,1010,5342
STARLINK-3286,4811,531,5342
COSMOS 1394,859,4484,5343
COSMOS 2263,2023,3322,5345
TIROS 6,3305,2042,5347
RESURS DK-1,3830,1517,5347
ALOS 2,3308,2044,5352
COMPASS 1,3400,1953,5353
COSMOS 2015,861,4493,5354
ONEWEB-0357,3398,1956,5354
SL-8 R/B,1536,3820,5356
AAUSAT CUBESAT 2,3818,1542,5360
COSMOS 1727,1537,3828,5365
COSMOS 1132,858,4508,5366
LEMUR 2 VU,4320,1046,5366
LANDSAT 1 (ERTS 1),1982,3393,5375
COSMOS 1365,1981,3394,5375
SAUDICOMSAT 1,2642,2734,5376
ONEWEB-0256,1260,4116,5376
SAOCOM 1-A,3320,2057,5377
STPSAT-3,4353,1025,5378
ONEWEB-0200,1261,4117,5378
COSMOS 532,876,4503,5379
ONEWEB-0393,4329,1050,5379
SL-14 R/B,1839,3541,5380
GONETS M 17,704,4677,5381
SL-14 R/B,1262,4120,5382
COSMOS 767,874,4510,5384
COSMOS 1056,705,4681,5386
OBJECT AZ,3843,1544,5387
COSMOS 831,706,4682,5388
COSMOS 1392,878,4511,5389
COSMOS 1312,707,4683,5390
SL-8 R/B,864,4526,5390
RESURS O1,3322,2068,5390
COSMOS 2193,708,4684,5392
SL-14 R/B,3323,2070,5393
COSMOS 447,709,4685,5394
COSMOS 1249 FUEL CORE,1983,3411,5394
ONEWEB-0209,1266,4128,5394
GLOBAL-12,4336,1059,5395
STARLINK-3291,4859,536,5395
ONEWEB-0179,1267,4129,5396
COSMOS 2195,1851,3546,5397
DELTA 2 R/B,2020,3377,5397
STARLINK-3296,4861,537,5398
COSMOS 1292,875,4525,5400
STARLINK-3282,4862,538,5400
OPS 5712 (P/L 160),2655,2746,5401
PSLV R/B,3416,1985,5401
ONEWEB-0165,1263,4138,5401
STARLINK-3271,4863,539,5402
COSMOS 1058,711,4695,5406
AEROCUBE 10A (JIMSAT),4340,1066,5406
HARP,4866,540,5406
SL-8 R/B,712,4696,5408
SL-14 R/B,1272,4136,5408
SKYMED 1,3330,2078,5408
COSMOS 1291,867,4542,5409
CZ-4C R/B,1273,4137,5410
COSMOS 1432,877,4535,5412
YAOGAN 17B,1271,4141,5412
GAOFEN-5,2659,2756,5415
COSMOS 2453,714,4703,5417
ONEWEB-0025,1252,4165,5417
ONEWEB-0310,3340,2079,5419
COSMOS 1433,887,4537,5424
STARLINK-3244,4375,1049,5424
COSMOS 1479,879,4546,5425
ONEWEB-0056,1254,4171,5425
COSMOS 1288,888,4538,5426
SL-8 R/B,1848,3578,5426
STARLINK-3281,4884,542,5426
COSMOS 1289,884,4543,5427
COSMOS 1856,880,4547,5427
ONEWEB-0052,1255,4172,5427
COSMOS 1156,889,4539,5428
STARLINK-3284,4885,543,5428
ONEWEB-0029,1256,4173,5429
PHOTON-02,4372,1057,5429
SL-8 R/B,1874,3557,5431
STARLINK-3101,4888,544,5432
SL-8 R/B,1539,3894,5433
ONEWEB-0201,1257,4176,5433
STARLINK-3285,4889,545,5434
SL-19 R/B,1277,4158,5435
ONEWEB-0314,1278,4159,5437
STARLINK-3292,4893,546,5439
COSMOS 1753,882,4558,5440
OSCAR 6,885,4556,5441
COSMOS 1359,891,4550,5441
COSMOS 2285,1540,3901,5441
DELTA 1 R/B,883,4559,5442
COSMOS 1855,886,4557,5443
STARLINK-3279,4896,547,5443
COSMOS 778,1541,3903,5444
COSMOS 1926,892,4552,5444
COSMOS 1579 COOLANT,1861,3583,5444
N-1 R/B,1542,3905,5447
SL-14 R/B,3346,2101,5447
THEA,3864,1583,5447
STARLINK-3265,4899,548,5447
STARLINK-3198,4389,1060,5449
STARLINK-3276,4900,549,5449
KSM1-C,3866,1585,5451
STARLINK-3148,4390,1061,5451
STARLINK-3301,4902,550,5452
STARLINK-3283,4903,551,5454
STARLINK-3143,4393,1062,5455
STARLINK-1753,4905,552,5457
INTASAT,893,4567,5460
N-2 R/B,3345,2115,5460
COSMOS 1748,894,4568,5462
ONEWEB-0155,1276,4186,5462
COSMOS 1950,881,4582,5463
COSMOS 566,896,4570,5466
PICOSAT 5,2673,2793,5466
AEROCUBE 10B (DOUGSAT),4366,1100,5466
SHIJIAN 6 02B (SJ-6 02B),3435,2033,5468
COSMOS 733,724,4746,5470
SURFSAT,899,4571,5470
TK-1,4916,554,5470
SL-3 R/B,1985,3486,5471
ONEWEB-0068,1264,4208,5472
COSMOS 1390,895,4579,5474
SL-8 R/B,1544,3930,5474
DELTA 2 R/B(1),1880,3594,5474
STARLINK-3194,4401,1073,5474
STARLINK-3207,4402,1074,5476
COSMOS 1709,1545,3932,5477
ONEWEB-0391,4400,1077,5477
STARLINK-3203,4403,1075,5478
STARLINK-3293,4923,555,5478
STARLINK-3239,4404,1076,5480
ATLAS F BURNER 2 R/B,2682,2801,5483
COSMOS 1395,898,4588,5486
UME 1 (ISS 1),1546,3942,5488
OBJECT Q,3865,1623,5488
ONEWEB-0157,1268,4220,5488
SL-8 R/B,1869,3620,5489
SL-8 R/B,1547,3943,5490
COSMOS 521,1548,3944,5492
N-1 R/B,1538,3954,5492
ONEWEB-0277,1284,4209,5493
SL-8 R/B,2310,3184,5494
STARLINK-3227,4416,1078,5494
OPS 7869 (DMSP 4B F1),2024,3472,5496
NOVA 2,1285,4211,5496
ONEWEB-0262,1286,4212,5498
AUREOLE 3,4418,1081,5499
STARLINK-3195,4419,1082,5501
SL-8 R/B,1867,3636,5503
STARLINK-3273,4947,557,5504
COSMOS 894,1868,3637,5505
STARLINK-3287,4948,558,5506
COSMOS 1253,730,4777,5507
COSMOS 2532,900,4608,5508
STARLINK-3274,4949,559,5508
COSMOS 736,897,4612,5509
COSMOS 1035,905,4605,5510
KIKU 4 (ETS 3),1550,3960,5510
COSMOS 1579 COOLANT,1986,3524,5510
ONEWEB-0198,1274,4236,5510
COSMOS 1561,901,4611,5512
LEMUR 2 ALEXANDER,4381,1131,5512
GMS-T,1289,4223,5512
ONEWEB-0116,1275,4237,5512
STARLINK-3277,4953,560,5513
GONETS M 07,735,4779,5514
AO-91,4384,1132,5516
LAPAN A2,3368,2150,5518
YAOGAN 29,3366,2153,5519
PEGASUS R/B,3450,2071,5521
SL-8 R/B,1884,3638,5522
SKYSAT C11,4425,1099,5524
FENGYUN 1A,1988,3538,5526
SKYSAT C9,4413,1114,5527
STARLINK-3057,4966,561,5527
COSMOS 1389,906,4622,5528
SL-14 R/B,3361,2167,5528
ONEWEB-0278,1297,4231,5528
COSMOS 1464,1549,3980,5529
ONEWEB-0136,1280,4249,5529
COSMOS 1809,1885,3645,5530
ONEWEB-0249,1298,4232,5530
ONEWEB-0055,1281,4250,5531
ONEWEB-0216,1291,4246,5537
SL-14 R/B,742,4796,5538
ONEWEB-0027,1293,4247,5540
COSMOS 737,743,4798,5541
ONEWEB-0230,1299,4242,5541
ONEWEB-0245,1282,4259,5541
ONEWEB-0173,1294,4248,5542
STARLINK-3231,4437,1105,5542
SURCAL 159,1989,3554,5543
ONEWEB-0117,1283,4260,5543
STARLINK-3209,4438,1106,5544
STARLINK-3204,4439,1107,5546
COSMOS 2065,909,4640,5549
STARLINK-3248,4440,1109,5549
STARLINK-3250,4441,1110,5551
SL-8 R/B,2323,3229,5552
STARLINK-3229,4442,1111,5553
COSMOS 1229,920,4635,5555
ONEWEB-0308,3377,2180,5557
COSMOS 1358,910,4648,5558
STARLINK-3210,4446,1112,5558
METEOR 2-12,1876,3683,5559
COSMOS 2192,911,4649,5560
HJ-1C,4405,1156,5561
COSMOS 651,1889,3673,5562
SOLRAD 3/INJUN 1,1888,3675,5563
ONEWEB-0124,1287,4277,5564
COSMOS 1339,1551,4015,5566
STARLINK-3241,4451,1115,5566
ONEWEB-0274,1288,4279,5567
STARLINK-3247,4452,1116,5568
STARLINK-3080,3879,1690,5569
STARLINK-3226,4453,1117,5570
STARLINK-3202,4454,1118,5572
EXPLORER 40 (INJUN-5),918,4656,5574
OSCAR 24,1543,4031,5574
COSMOS 1560,754,4821,5575
RHESSI,4414,1161,5575
STARLINK-3193,4456,1119,5575
COSMOS 1718,921,4657,5578
COSMOS 645,922,4658,5580
COSMOS 1723,917,4663,5580
STARLINK-80,4415,1165,5580
FLOCK 3R 7,4417,1164,5581
COSMOS 1161,923,4659,5582
ESSA 7 (TOS-E),924,4660,5584
SICH 1,3372,2212,5584
SL-8 R/B,1878,3714,5592
COSMOS 413,765,4828,5593
CZ-6 R/B,2025,3568,5593
ONEWEB-0168,1302,4292,5594
COSMOS 2218,1879,3718,5597
COSMOS 1655,1554,4045,5599
COSMOS 1365 FUEL CORE,2026,3574,5600
ONEWEB-0177,1304,4296,5600
COSMOS 1198,769,4832,5601
SL-8 R/B,1552,4049,5601
SL-3 R/B,2027,3575,5602
SL-8 R/B,1553,4050,5603
ONEWEB-0223,1306,4297,5603
MINOTAUR 4 R/B,3884,1720,5604
OBJECT B,3389,2216,5605
ONEWEB-0191,1307,4298,5605
METEOR 2-18,1893,3715,5608
COSMOS 1066,2028,3581,5609
ONEWEB-0119,1296,4313,5609
COSMOS 1249 COOLANT,1881,3729,5610
ONEWEB-0240,1309,4301,5610
STARLINK-3197,4475,1136,5611
YAOGAN 2,3392,2221,5613
STARLINK-3236,4476,1138,5614
ONEWEB-0400,4473,1141,5614
STARLINK-3233,4477,1139,5616
COSMOS 2401,942,4675,5617
STARLINK-3200,4478,1140,5618
METEOR 1-12,2029,3590,5619
SPACEBEE-2,4474,1146,5620
COSMOS 2127,943,4678,5621
FLOCK 3S 1,3477,2144,5621
METEOR 2-16,1883,3739,5622
AGILE,4479,1143,5622
COSMOS 1474,944,4679,5623
PICARD,2705,2919,5624
SL-8 R/B,945,4680,5625
ONEWEB-0206,1310,4315,5625
STARLINK-3107,3885,1740,5625
GONETS M 16 (M26),778,4849,5627
ONEWEB-0241,1311,4316,5627
COSMOS 763,938,4690,5628
METEOR 3M,1555,4075,5630
COSMOS 2013,939,4692,5631
ONEWEB-0161,1312,4319,5631
ONEWEB-0139,1301,4333,5634
ONEWEB-0263,1313,4321,5634
STARLINK-3077,3896,1738,5634
GONETS M 12 (M22),779,4856,5635
COSMOS 678,935,4701,5636
COSMOS 2191,783,4853,5636
COSMOS 1791,1886,3752,5638
SL-14 R/B,1887,3751,5638
SL-14 R/B,785,4854,5639
SKYSAT C10,4481,1159,5640
SL-8 R/B,786,4855,5641
COSMOS 1232,941,4700,5641
COSMOS 1795,937,4704,5641
PSLV R/B,3395,2247,5642
NSL-1,3886,1756,5642
SCOUT A R/B,2030,3613,5643
COSMOS 508,784,4859,5643
CBERS 4A,3396,2248,5644
CUTE-1.7+APD II,3397,2249,5646
ONEWEB-0107,1303,4343,5646
FLOCK 1C 4,3487,2162,5649
OBJECT A,3891,1758,5649
GLOBALSTAR M062,787,4866,5653
PROBA 2,2708,2945,5653
ONEWEB-0359,3402,2251,5653
COSMOS 793,958,4697,5655
YUBELEINY,788,4867,5655
CZ-2D R/B,4465,1190,5655
DELTA 1 R/B,2031,3626,5657
NUSAT-8 (MARIE),4466,1191,5657
ONEWEB-0214,1316,4341,5657
PEGASUS R/B,4488,1170,5658
COSMOS 569,954,4708,5662
METEOR 1-27,2033,3629,5662
SSB,955,4709,5664
SNUGLITE,3894,1770,5664
COSMOS 739,956,4710,5666
FLOCK 3R 14,4484,1182,5666
HAWK-C,3895,1772,5667
COSMOS 2181,1556,4115,5671
GGSE 2,1991,3681,5672
ARIANE 5 R/B,2032,3640,5672
COSMOS 1055,803,4873,5676
COSMOS 1579 COOLANT,1891,3785,5676
LEMUR 2 JENNYBARNA,4504,1175,5679
STARLINK-3206,4505,1176,5681
RISAT 2B,3898,1784,5682
BREEZE-KM R/B,2034,3649,5683
STARLINK-3192,4506,1177,5683
METEOR 1-11,2035,3655,5690
ONEWEB-0170,1314,4381,5695
COSMOS 1717,968,4729,5697
JAS 1 (FUJI 1),964,4734,5698
COSMOS 680,974,4725,5699
COSMOS 646,965,4735,5700
METEOR 2-10,2039,3661,5700
GLOBAL-9,4490,1211,5701
COSMOS 648,966,4736,5702
ONEWEB-0160,1318,4385,5703
COSMOS 2409,817,4887,5704
COSMOS 2496,967,4737,5704
COSMOS 1356,4502,1205,5707
COSMOS 1527,969,4738,5707
RAVAN,3901,1808,5709
SL-8 R/B,1894,3819,5713
SPOT 7,2723,2990,5713
CUTE-LASP,3902,1811,5713
SAUDICOMSAT 5,2724,2991,5715
LEMUR 2 THENICKMOLO,3911,1805,5716
SL-8 R/B,827,4891,5718
MIRATA,4500,1220,5720
SL-8 R/B,1895,3827,5722
ASTROCAST-01,3913,1809,5722
DELTA 2 R/B(1),2036,3687,5723
ONEWEB-0007,1319,4404,5723
STARLINK-3078,3914,1810,5724
METEOR 1-14,2037,3689,5726
SL-8 R/B,1557,4169,5726
METEOR 3-5,1320,4406,5726
FLOCK 3R 15,4503,1226,5729
STARLINK-3056,3916,1813,5729
SL-16 R/B,3420,2310,5730
SL-8 R/B,977,4755,5732
CZ-2D R/B,3422,2311,5733
COSMOS 397,2356,3378,5734
FLOCK 3S 3,3907,1829,5736
COSMOS 2128,980,4758,5738
SKYSAT C6,4525,1213,5738
COSMOS 1054,984,4756,5740
COSMOS 1634,1896,3844,5740
SL-8 R/B,1558,4185,5743
QUANTUM-RADAR 3,4531,1219,5750
ONEWEB-0038,1317,4436,5753
AEROCUBE 15B,4533,1221,5754
COSMOS 1579 COOLANT,1898,3859,5757
NINGXIA-1 10,2038,3720,5758
NINGXIA-1 5,2040,3721,5761
OBJECT B,3924,1842,5766
HAWK-B,3920,1851,5771
HAWK-A,3921,1853,5774
ONEWEB-0389,4537,1240,5777
FALCONSAT-6,3931,1847,5778
SKYSAT 1,3932,1848,5780
PRISMA (MANGO),2733,3048,5781
ONEWEB-0233,1325,4458,5783
KSLV-1 R/B,2041,3743,5784
SL-8 R/B,1900,3885,5785
LEMUR 2 NATALIEMURRAY,3923,1862,5785
TYVAK-182A,3427,2359,5786
COSMOS 1932 FUEL CORE,1901,3886,5787
MAKERSAT 1,4551,1236,5787
SHIJIAN 6 03A (SJ-6 03A),3928,1860,5788
LEMUR 2 SPIROVISION,4547,1241,5788
COSMOS 1308,1559,4230,5789
ONEWEB-0407,4527,1262,5789
ONEWEB-0429,4552,1242,5794
RISAT-2BR2,3933,1865,5798
ONEWEB-0419,4554,1244,5798
EXACTVIEW 9,3430,2369,5799
LEMUR 2 JIN-LUEN,3935,1869,5804
ONEWEB-0031,1322,4483,5805
SL-3 R/B,2043,3765,5808
COSMOS 1249 COOLANT,1903,3908,5811
ORBWEAVER 1,3941,1876,5817
CZ-4B R/B,4536,1285,5821
APRIZESAT 3,3943,1879,5822
COSMOS 860 COOLANT,1561,4263,5824
SL-8 R/B,1015,4812,5827
METEOR 1-17,2044,3786,5830
STARLINK-1951,4563,1268,5831
CZ-4 R/B,2042,3790,5832
COSMOS 1975,3945,1890,5835
COSMOS 1412 COOLANT,1904,3931,5835
STARLINK-3086,3946,1891,5837
ONEWEB-0413,4567,1271,5838
TIANTUO 2,4542,1303,5845
SL-8 R/B,3502,2344,5846
HORYU 4,3951,1895,5846
ONEWEB-0220,1329,4517,5846
HAIYANG 2D,1905,3941,5846
OBJECT L,4543,1304,5847
ONEWEB-0115,1330,4518,5848
SIRION PATHFINDER-2,3954,1899,5853
ONEWEB-0019,1326,4527,5853
ONEWEB-0108,1327,4530,5857
ONEWEB-0370,3533,2327,5860
JD 1,4575,1294,5869
STARLINK-3104,3957,1915,5872
ICEYE-X2,3956,1920,5876
SL-8 R/B,1907,3971,5878
SL-8 R/B,1908,3972,5880
DELTA 2 R/B(1),3453,2434,5887
COSMOS 1249 COOLANT,1909,3978,5887
THOR DELTA 1 R/B,3958,1932,5890
COSMOS 911,1910,3982,5892
ONEWEB-0202,1332,4564,5896
ONEWEB-0260,1333,4565,5898
COSMOS 2441,2772,3132,5904
PSLV R/B,3543,2362,5905
POLAR SCOUT KODIAK,3965,1955,5920
ONEWEB-0093,1334,4589,5923
ATLAS H R/B,2774,3155,5929
SCOUT A R/B,2045,3888,5933
SL-14 R/B,1336,4600,5936
ONEWEB-0238,1338,4599,5937
ONEWEB-0123,1337,4601,5938
NETSAT-1,3970,1971,5941
ONEWEB-0203,1340,4610,5950
COSMOS 1344,1912,4039,5951
EAGLESAT 1,4582,1374,5956
PICOSAT 6,2369,3588,5957
COSMOS 457,1341,4617,5958
OBJECT B,3972,1986,5958
ONEWEB-0353,3534,2424,5958
ONEWEB-0149,1339,4621,5960
TEN-KOH,3538,2426,5964
AZUR (GRS A),1342,4625,5967
COSMOS 1697,2048,3919,5967
ONEWEB-0101,1345,4623,5968
SL-14 R/B,3478,2491,5969
ONEWEB-0182,1343,4626,5969
STARLINK-2172,4620,1369,5989
COSMOS 1934,1914,4076,5990
COSMOS 514,1915,4077,5992
ONEWEB-0218,1347,4645,5992
ONEWEB-0176,1348,4646,5994
ONEWEB-0207,1351,4650,6001
COSMOS 770,1350,4652,6002
ONEWEB-0150,1352,4651,6003
ONEWEB-0131,1353,4653,6006
ONEWEB-0166,1354,4655,6009
DUMMY SAT,3489,2526,6015
COSMOS 1067,1355,4661,6016
ONEWEB-0122,1356,4662,6018
FLOCK 1C 1,3559,2460,6019
CZ-4C R/B,3574,2445,6019
OBJECT A,3491,2530,6021
GNOMES-1,3563,2465,6028
NINGXIA-1 6,2049,3979,6028
DMSP 5D-3 F19 (USA 249),2050,3981,6031
ONEWEB-0146,1357,4676,6033
METEOR 1-26,2046,4001,6047
ONEWEB-0132,1360,4688,6048
THOR AGENA B R/B,1358,4691,6049
SL-14 R/B,1359,4693,6052
COSMOS 405,4618,1441,6059
SL-8 R/B,2408,3651,6059
ONEWEB-0011,1361,4698,6059
ONEWEB-0121,1362,4699,6061
YAOGAN 14,4073,1990,6063
ONEWEB-0199,1363,4702,6065
PSLV R/B,3580,2486,6066
S-NET C,3578,2490,6068
ONEWEB-0253,1364,4706,6070
ONEWEB-0145,1366,4705,6071
ONEWEB-0302,3601,2474,6075
LEMUR 2 TINYKEV,3602,2475,6077
NINGXIA-1 1,2047,4030,6077
ONEWEB-0190,1365,4712,6077
YAOGAN 15,1368,4711,6079
GAOFEN 10R,3505,2579,6084
ONEWEB-0128,1371,4713,6084
ONEWEB-0141,1369,4718,6087
GAOFEN 2,3507,2581,6088
ONEWEB-0154,1370,4719,6089
ONEWEB-0158,1367,4722,6089
ONEWEB-0174,1372,4717,6089
ONEWEB-0248,1373,4720,6093
ONEWEB-0144,1374,4721,6095
FLOCK 4EP 2,4082,2019,6101
ONEWEB-0377,3515,2588,6103
CZ-2C R/B,4084,2020,6104
FREJA,2425,3682,6107
ONEWEB-0212,1376,4732,6108
PALISADE,1375,4739,6114
ONEWEB-0180,1377,4742,6119
SL-14 R/B,3617,2504,6121
CZ-3B R/B,4089,2032,6121
ASTROCAST-0201,4054,2069,6123
SPAWAR-CAL-O,3616,2508,6124
ONEWEB-0153,1379,4745,6124
SL-8 R/B,1378,4748,6126
SL-14 R/B,3619,2510,6129
LEMUR 2 NALLYWACKER,4091,2038,6129
IKONOS 2,3620,2511,6131
CBERS 2B,2428,3704,6132
FLOCK 4EP 3,4092,2040,6132
ONEWEB-0172,1380,4754,6134
ASTROCAST-0101,4055,2080,6135
SHERPA-FX2/TAGSAT-2,4056,2081,6137
ONEWEB-0142,1381,4757,6138
ONEWEB-0086,1382,4759,6141
FLOCK 4V 2,4057,2084,6141
ONEWEB-0087,1383,4760,6143
COSMOS 203,1384,4761,6145
ONEWEB-0184,1385,4762,6147
SL-14 R/B,3526,2623,6149
ION SCV-002,4094,2055,6149
ONEWEB-0151,1386,4763,6149
PEGASUS R/B,3528,2624,6152
ONEWEB-0175,1387,4769,6156
ONEWEB-0081,1388,4770,6158
COSMOS 1176 FUEL CORE,2051,4109,6160
SPOT 1,2486,3676,6162
ONEWEB-0109,1389,4776,6165
STARLINK-3237,4058,2108,6166
TIANHUI 2-02A,4059,2110,6169
ARIANE 40+ R/B,2447,3725,6172
OBJECT A,4060,2112,6172
ONEWEB-0130,1390,4783,6173
ONEWEB-0082,1391,4784,6175
ONEWEB-0269,1392,4785,6177
LEMUR 2 REMY-COLTON,3628,2554,6182
ASTROCAST-0205,4061,2121,6182
LEDSAT,4062,2122,6184
ONEWEB-0118,1393,4792,6185
SL-14 R/B,3539,2647,6186
FLOCK 3P 18,4651,1535,6186
FLOCK 3P 56,4654,1536,6190
FLOCK 3P 29,4655,1537,6192
SPACEBEE-45,4101,2096,6197
ONEWEB-0064,1395,4803,6198
FLOCK 4P 2,4102,2097,6199
ORBCOMM FM 8,2458,3745,6203
SHIJIAN 6 02A (SJ-6 02A),3633,2571,6204
OBJECT AM,4065,2139,6204
ONEWEB-0194,1396,4809,6205
SKYSAT C13,4660,1546,6206
METEOR 1-15,2053,4154,6207
CELTEE 1,3635,2572,6207
ONEWEB-0102,1397,4810,6207
TIANHUI 2-02B,4066,2145,6211
ONEWEB-0243,1399,4814,6213
UMBRA-2001,4063,2152,6215
OBJECT B,4064,2154,6218
GRUS-1B,3644,2576,6220
JILIN-01-06,4067,2158,6225
LEMUR 2 ZUPANSKI,4104,2130,6234
OBJECT Y,4070,2166,6236
ZHUHAI-1 OHS-02,4105,2132,6237
STARLINK-1128,4068,2170,6238
SL-3 R/B,2478,3763,6241
ONEWEB-0361,3659,2584,6243
ONEWEB-0332,3634,2611,6245
TRISAT,4069,2177,6246
NANOSAT C BR1,3649,2598,6247
ASAP-S,4071,2176,6247
OBJECT W,4108,2140,6248
S-NET A,3637,2613,6250
IRIDIUM 24,2497,3754,6251
FLYING LAPTOP,3638,2614,6252
OBJECT Q,4674,1578,6252
FLOCK 3P 1,4675,1579,6254
ROCSAT 1,4676,1580,6256
FORMOSAT 3E,2485,3778,6263
THOR ABLESTAR R/B,3643,2622,6265
APRIZESAT 8,3629,2641,6270
NASA PTD-1,4079,2194,6273
FLOCK 4V 5,4074,2204,6278
ONEWEB-0384,3648,2630,6278
THOR BURNER 2 R/B,2057,4225,6282
ORBCOMM FM 12,2502,3780,6282
OBJECT G,4117,2165,6282
SPACEBEE-106,4075,2211,6286
SL-8 R/B,2505,3782,6287
SL-14 R/B,3645,2643,6288
ATLAS D R/B,4076,2213,6289
ASTROCAST-0202,4077,2215,6292
ENVISAT,2503,3791,6294
PSLV R/B,4110,2185,6295
SL-8 R/B,2504,3792,6296
DTUSAT 2,3647,2651,6298
YUSAT-1,4111,2187,6298
OBJECT C,4080,2218,6298
OBJECT J,3677,2629,6306
SL-14 R/B,3650,2657,6307
SUPERVIEW-1 03,4114,2195,6309
UPPER FREE FLYER,3646,2663,6309
FLOCK 4V 26,4118,2192,6310
SL-8 R/B,2506,3805,6311
SPACEBEE-54,4115,2196,6311
D STAR ONE (LIGHTSAT),4081,2232,6313
YAOGAN 13,4116,2201,6317
FLOCK 4S 17,4083,2238,6321
LEMUR 2 ORZULAK,4691,1631,6322
SHIYAN 5 (SY-5),2524,3800,6324
SL-24 R/B,3683,2642,6325
ONEWEB-0356,3656,2674,6330
AO-95,3666,2666,6332
OBJECT Q,4125,2207,6332
ONEWEB-0349,3667,2667,6334
QB50P1,3662,2677,6339
SL-8 R/B,2517,3823,6340
FLOCK 1C 2,3692,2654,6346
FLOCK 4V 24,4085,2263,6348
YAOGAN-30 M,3693,2656,6349
SL-14 R/B,3663,2696,6359
JILIN-01-08,4086,2275,6361
LATINSAT A,3673,2689,6362
HODOYOSHI 3,3594,2769,6363
OBJECT U,4130,2234,6364
ONEWEB-0364,3596,2770,6366
CZ-2D R/B,2520,3847,6367
SPACEBEE-102,4087,2287,6374
OBJECT AE,4088,2288,6376
BUGSAT 1,3699,2683,6382
SL-8 R/B,2525,3858,6383
ONEWEB-0368,3680,2703,6383
RAPIDEYE 1,3700,2684,6384
GHGSAT-C1,4129,2258,6387
NUSAT-19 (ROSALIND),4122,2265,6387
IRIDIUM 82,3702,2686,6388
ONEWEB-0381,3682,2706,6388
OBJECT F,3703,2687,6390
STARLINK-1024,4090,2300,6390
CZ-4C R/B,2539,3852,6391
PEGASUS R/B,3684,2708,6392
S-NET B,3676,2716,6392
ONEWEB-0345,3704,2688,6392
CZ-2C R/B,3689,2704,6393
STRAND 1,2519,3876,6395
AIST 1,3685,2710,6395
SPAWAR-CAL-OR,3690,2707,6397
XIAOXIANG 2,4126,2272,6398
S-NET D,3678,2720,6398
COSMOS 2228,3612,2788,6400
OBJECT AE,3679,2722,6401
SPACEBEE-48,4123,2284,6407
NEMO-HD,4132,2280,6412
SHIJIAN 6 04B (SJ-6 04B),3717,2697,6414
JILIN-01-07,4095,2319,6414
ORBCOMM FM 9,2544,3873,6417
NUSTAR,3706,2711,6417
FLOCK 1C 7,3694,2723,6417
COSMOS 1300,4096,2323,6419
CAPELLA-4 (WHITNEY),4127,2294,6421
SPACEBEE-41,4098,2326,6424
ORBCOMM-X,2571,3855,6426
COSMOS 2493 (SKRL 756),3697,2730,6427
AEROCUBE 8C,4039,2389,6428
NUSAT-6 HYPATIA,4131,2298,6429
DRAGRACER 2(AUGURY),4136,2295,6431
CZ-2C R/B,2541,3891,6432
SCOUT G-1 R/B,4142,2291,6433
COSMOS 2428,2059,4374,6433
FLOCK 3PP 2,4137,2296,6433
GAOFEN 3 02,2555,3878,6433
CZ-4B R/B,4138,2297,6435
SL-8 R/B,2531,3907,6438
PEGASUS R/B,2557,3881,6438
OV1-9 R/B,4135,2304,6439
OBJECT N,4698,1746,6444
FLOCK 2P 1,4700,1747,6447
ION-MK01,4140,2309,6449
IRIDIUM 69,2535,3915,6450
ORBWEAVER 2,3708,2742,6450
JILIN-01 GAOFEN 2A,4093,2361,6454
ZINYUAN-3,4146,2315,6461
LANDSAT 4,4128,2337,6465
GHGSAT-D,4148,2317,6465
THOR BURNER 2 R/B,2564,3902,6466
METEOR 1-23,2060,4408,6468
DEMO9(AURORA),4100,2370,6470
HAWK-2C,4097,2378,6475
SL-8 R/B,2554,3922,6476
EAGLET 1,3698,2780,6478
ELECTRON KICK STAGE R/B,4144,2338,6482
COSMOS 1743,4145,2339,6484
DELTA 2 R/B(1),2566,3920,6486
ONEWEB-0347,3681,2806,6487
AAUSAT3,2567,3923,6490
SL-14 R/B,3728,2763,6491
CYGFM04,4143,2350,6493
STARLINK-3005,4147,2346,6493
XW-2C,4164,2333,6497
ONEWEB-0307,3632,2870,6502
FORMOSAT7-5/COSMIC2-5,4103,2406,6509
INDEX,3729,2781,6510
ZY 3,4156,2354,6510
STARLINK-3004,4157,2355,6512
LEMUR 2 SARAHBETTYBOO,3732,2784,6516
ZHUHAI-1 03D,4149,2368,6517
DIDO 3,4106,2416,6522
BEESAT 2,4139,2387,6526
OBJECT AN,4107,2419,6526
SL-14 R/B,3707,2822,6529
UWE-3,3719,2810,6529
FLOCK 4EP 9,4169,2360,6529
CFOSAT,4159,2371,6530
ELECTRON KICK STAGE R/B,4160,2372,6532
BEESAT 3,4170,2363,6533
YAOGAN-30 V,3749,2785,6534
ZHUHAI-1 03E,4165,2373,6538
PEGASUS R/B,4155,2384,6539
YAOGAN 23,4173,2366,6539
NUSAT-21 (ELISA),4717,1822,6539
ONEWEB-0385,3716,2825,6541
VELOX 2,4152,2390,6542
ONEWEB-0300,3724,2820,6544
OUFTI-1,4161,2385,6546
ZHUHAI-1 OVS-02,4153,2393,6546
OBJECT B,4162,2386,6548
ERS 2,4154,2395,6549
ZDPS 2B,4171,2379,6550
CORVUS BC2,3710,2842,6552
TIROS 3,2589,3964,6553
UPMSAT-2,4163,2392,6555
ORBCOMM FM 11,2591,3966,6557
SUPERVIEW-1 02,4150,2407,6557
YAOGAN-30 P,3725,2836,6561
OBJECT A,4151,2410,6561
EXOCUBE,3720,2850,6570
M3MSAT,4167,2404,6571
SL-8 R/B,2583,3991,6574
FLOCK 3R 16,4735,1841,6576
TTU100,4112,2464,6576
MONOLITH,3730,2855,6585
CORVUS BC4,3731,2856,6587
XAIOXIANG-1 07,3737,2854,6591
MINOTAUR-C R/B,4174,2420,6594
TIANPING 1A,4181,2414,6595
KANOPUS-V-IK,4184,2412,6596
EXPLORER 7,4185,2413,6598
OBJECT A,4188,2411,6599
CARTOSAT 2F,4172,2430,6602
LEO 1,2572,4032,6604
IRIDIUM 161,2598,4007,6605
JILIN-01-09,4177,2428,6605
ONEWEB-0352,3743,2868,6611
STARLINK-1065,4113,2500,6613
METEOR PRIRODA,4192,2422,6614
STARLINK-1110,4119,2495,6614
SJ-16,3733,2882,6615
AUTCUBE 2,3756,2861,6617
ONEWEB-0375,3734,2883,6617
FLOCK 4V 21,4120,2498,6618
SL-14 R/B,3736,2884,6620
APRIZESAT 9,3735,2885,6620
IRIDIUM 914,2593,4029,6622
LAPAN A3,4183,2439,6622
COSMOS 1812,4195,2431,6626
OBJECT J,3739,2887,6626
FLOCK 3P 7,4765,1863,6628
FLOCK 4P 6,4196,2433,6629
ONEWEB-0373,3740,2889,6629
KX-09,3758,2873,6631
SL-16 R/B,2061,4572,6633
NUSAT-10 CAROLINE,4768,1866,6634
SDSAT,4199,2437,6636
FLOCK 1C 8,3742,2896,6638
GAOFEN 14,4200,2438,6638
TIANPING 1B,4204,2435,6639
M2 PATHFINDER,3778,2862,6640
OBJECT D,4187,2453,6640
ONEWEB-0292,3670,2974,6644
SEEKER,4761,1886,6647
POLYITAN 1,3744,2908,6652
POLARCUBE,4209,2444,6653
METEOR 1-16,2063,4592,6655
COSMOS 1733,4206,2454,6660
FLOCK 4V 17,4207,2456,6663
PROBA 1,3764,2902,6666
PAYLOAD B,2064,4602,6666
OBJECT D,4212,2457,6669
GRUS-1D,3750,2930,6680
CELESTIS 02/TAURUS R/B,2065,4619,6684
SL-3 R/B,2066,4620,6686
SPACEBEE-71,4218,2470,6688
COSMOS 1666,4219,2471,6690
EUCROPIS,3745,2947,6692
ZHUHAI-1 OHS-04,4221,2472,6693
3CAT-5/B (TYVAK-0162),4133,2561,6694
LEMUR 2 WANLI,4134,2563,6697
ONEWEB-0374,3754,2944,6698
WEINA 1A,3773,2937,6710
CZ-2C R/B,2645,4070,6715
IRIDIUM 115,2646,4072,6718
SL-19 R/B,4227,2492,6719
COSMOS 968,2631,4089,6720
SL-14 R/B,3687,3033,6720
ATLAS 2 CENTAUR R/B,4228,2493,6721
SL-3 R/B,4042,2680,6722
AUBIESAT-1,3751,2971,6722
ONEWEB-0358,3777,2946,6723
ONEWEB-0339,3752,2972,6724
COSMOS 2536,3761,2964,6725
SEAHAWK-1,3753,2973,6726
ONEWEB-0387,3767,2960,6727
ONEWEB-0334,3768,2961,6729
COSMOS 2242,3770,2962,6732
SL-24 R/B,3755,2979,6734
CZ-4C R/B,3800,2939,6739
OPS 6073 (DMSP 4A F2),2613,4130,6743
SPACEBEE-96,4211,2532,6743
KANOPUS-V 5,4231,2514,6745
LEMUR 2 MCPEAKE,4232,2520,6752
SPACEBEE-70,4233,2521,6754
COSMOS 1833,2068,4687,6755
TECHNOSAT,3803,2952,6755
COSMOS 2084,3804,2953,6757
NOAA 19,2069,4689,6758
YAM-3,4158,2601,6759
JD 3,2653,4113,6766
MINXSS-2,3795,2978,6773
HAMSAT,3797,2983,6780
CINEMA 2,3812,2968,6780
SPACEBEE-73,4238,2544,6782
PEHUENSAT 1,4237,2551,6788
SL-24 PLAT,3781,3009,6790
FLOCK 3P 53,4816,1974,6790
SL-8 R/B,2678,4114,6792
PERSEUS M2,3713,3081,6794
LEMUR 2 KADI,3782,3012,6794
STEP 2,3714,3082,6796
GLOBAL-2,3765,3032,6797
ZHEDA PIXING 1B,3775,3024,6799
SPACEBEE-64,4166,2633,6799
CARTOSAT 2D,4239,2562,6801
HODOYOSHI 4,3766,3036,6802
NEE 02 KRYSAOR,3784,3020,6804
LEMUR 2 DUSTINTHEWIND,4240,2564,6804
AMGU-1 (AMURSAT),4168,2638,6806
KMS 4,4817,1991,6808
TIMED,3769,3040,6809
SPACEBEE-42,4236,2573,6809
NUSAT 2,4818,1994,6812
ONEWEB-0294,3726,3088,6814
OPS 1127 (DMSP 4B F3),2635,4180,6815
ONEWEB-0382,3786,3035,6821
ZHEDA PIXING 1C,3787,3037,6824
LEMUR 2 FURIAUS,3788,3038,6826
OBJECT Z,3823,3003,6826
YAOGAN-30 B,3824,3004,6828
SL-14 R/B,3805,3025,6830
ONEWEB-0426,4828,2003,6831
COSMOS 1500,4244,2597,6841
OPS 0082 (TRANSIT 13),2071,4773,6844
IRIDIUM 71,2652,4193,6845
SHINSEI (MS-F2),2072,4775,6847
SAUDISAT 1B,3774,3075,6849
TIANHUI 1-03,4248,2604,6852
DUMMY MASS 2,3776,3077,6853
SL-16 R/B,2073,4781,6854
GAOFEN 9 04,4249,2605,6854
STARLINK-1939,4176,2678,6854
SPACEBEE-72,4247,2612,6859
FLOCK 3P 17,4842,2022,6864
D-STAR ONE SPARROW,3825,3039,6864
VEERY-RL1,4178,2690,6868
OBJECT AB,4179,2691,6870
COSMOS 614,2658,4213,6871
FLOCK 1C 10,3826,3046,6872
SL-3 R/B,2074,4816,6890
NAPA-2,4190,2701,6891
ORBCOMM FM 5,2698,4194,6892
OSCAR 3,2075,4819,6894
ARIANE 40 R/B,2699,4195,6894
DELTA 2 R/B(1),3792,3106,6898
YAOGAN-30 AC,3837,3063,6900
FLOCK 1C 5,3794,3107,6901
CNCE1,4189,2713,6902
AIM,4191,2714,6905
OKEAN 2,3840,3066,6906
NINGXIA-1 9,2076,4831,6907
ZDPS 2A,4252,2658,6910
ONEWEB-0351,3799,3117,6916
SL-14 R/B,3807,3110,6917
ERS 1,2710,4207,6917
OBJECT A,4253,2664,6917
LEMUR 2 LILLYJO,4254,2665,6919
SL-16 R/B,2077,4843,6920
SPACEBEE-111,4193,2728,6921
LEMUR 2 ALEX-MADDY,4194,2729,6923
OBJECT BE,3810,3115,6925
OBJECT R,4258,2668,6926
SIMSAT 2,4256,2672,6928
JAISAT 1,4259,2669,6928
CAPE-3,4257,2673,6930
VENUS,4260,2671,6931
COSMOS 921,3757,3178,6935
HALO-NET FF,4197,2739,6936
SNUSAT-2,3842,3097,6939
JILIN-01 GAOFEN 3J,4202,2737,6939
ARIANE 40 R/B,3844,3098,6942
ORBCOMM FM 7,2719,4224,6943
ONEWEB-0360,3845,3099,6944
EMISAT,2720,4226,6946
OBJECT M,4203,2743,6946
ONEWEB-0338,3846,3101,6947
ONEWEB-0323,3772,3176,6948
JILIN-01 GAOFEN 2F,4205,2751,6956
OBJECT N,4245,2717,6962
ONEWEB-0317,3808,3156,6964
GAOFEN 7,4263,2702,6965
SEASAT 1,2734,4240,6974
JAWSAT,2730,4244,6974
FENGYUN 1D,2080,4894,6974
GLAST,4208,2767,6975
THOR BURNER 2 R/B,2731,4245,6976
AEROCUBE 7,2702,4276,6978
COSMOS 2494 (SKRL 756),3819,3160,6979
PACE,3783,3198,6981
OBJECT AH,3822,3161,6983
LEMUR 2 NOOBNOOB,4210,2773,6983
ZHUHAI-1 01,4198,2790,6988
CNCE3,4213,2775,6988
JILIN-1-03,4214,2777,6991
SPACEBEE-99,4246,2747,6993
OSCAR 22 (UoSAT 5),2736,4258,6994
CYGFM02,4269,2731,7000
GLOBAL-4,4250,2750,7000
WNISAT 1,3791,3211,7002
THOR BURNER 2 R/B,2263,4740,7003
METEOR 1-13,2081,4923,7004
SL-14 R/B,3779,3225,7004
RUBIN 2,3860,3145,7005
SL-16 R/B,2082,4925,7007
FLOCK 1C 9,3861,3146,7007
UKUBE 1,3820,3190,7010
CARBONIX,4220,2791,7011
SL-14 R/B,3821,3191,7012
OXP 1,2741,4273,7014
APRIZESAT 6,3780,3234,7014
USA 18,4223,2792,7015
SL-16 R/B,2083,4932,7015
FLOCK 3R 6,4910,2106,7016
FENGYUN 3C,2085,4933,7018
OBJECT AP,4216,2802,7018
LEMUR 2 YNDRD,4224,2795,7019
BEESAT 9,4225,2796,7021
ONEWEB-0421,4913,2109,7022
CZ-4B R/B,2084,4939,7023
JILIN-01 GAOFEN 3I,4217,2808,7025
SL-3 R/B,2087,4941,7028
COSMOS 1378,4274,2754,7028
MINOTAUR R/B,2086,4942,7028
TECHSAT 1B,2281,4749,7030
CAS500-1,4275,2755,7030
FORMOSAT7-6/COSMIC2-6,4222,2809,7031
COSMOS 1408,4929,2103,7032
COSMOS 1943,2088,4945,7033
COSMOS 2333,2090,4950,7040
JILIN-01-05,4226,2814,7040
METEOR 2-1,2091,4951,7042
DELTA 2 R/B,2290,4752,7042
SCOUT B-1 R/B,2757,4291,7048
NINGXIA-1 7,2092,4957,7049
SL-8 R/B,2750,4302,7052
ONEWEB-0328,3833,3221,7054
OSCAR 11 (UoSAT 2),3834,3223,7057
YAOGAN-30 G,3876,3181,7057
POPSAT HIP 1,3809,3249,7058
SL-14 R/B,3835,3224,7059
APRIZESAT 2,2097,4965,7062
SJ-5,2093,4971,7064
COSMOS 1980,2095,4972,7067
FLOCK 4V 10,4215,2852,7067
SBSS (USA 216),3796,3274,7070
FORTE,2299,4772,7071
SL-3 R/B,2094,4978,7072
NARSSCUBE-2,4956,2117,7073
REX,2301,4774,7075
OCEANSAT 2,2764,4311,7075
FLOCK 3P 37,4957,2118,7075
FLOCK 3P 62,4958,2119,7077
IRIDIUM 124,2765,4312,7077
DAVINCI,4285,2794,7079
QUIKSCAT,2766,4314,7080
NINGXIA-1 8,2096,4987,7083
SL-16 R/B,2100,4985,7085
METEOR 1-19,2099,4988,7087
SL-3 R/B,4262,2826,7088
COSMOS 468,2732,4362,7094
THOR BURNER 2 R/B,2101,4993,7094
TRACE,4235,2863,7098
FLOCK 3P 69,4952,2147,7099
HELIOS 1B,3806,3295,7101
FLOCK 4V 22,4287,2818,7105
NOAA 16,2102,5004,7106
COSMOS 1515,4288,2819,7107
SAUDISAT 1A,3816,3293,7109
OBJECT M,3817,3292,7109
OBJECT K,4286,2823,7109
SPOT 5,2321,4790,7111
ORBCOMM FM 33,2742,4377,7119
PSLV R/B,4265,2858,7123
WORLDVIEW 3,3849,3278,7127
ONEWEB-0350,3813,3317,7130
NOAA 13,2107,5025,7132
ONEWEB-0414,4979,2156,7135
DELTA 2 R/B,2333,4804,7137
CZ-4B R/B,2312,4825,7137
ONEWEB-0372,3848,3290,7138
SL-14 R/B,3814,3325,7139
COSMOS 1867 COOLANT,2748,4392,7140
BKA 2,4294,2849,7143
OBJECT Z,4295,2848,7143
SL-3 R/B,2317,4829,7146
FENGYUN 3B,2318,4830,7148
TRIAD 1,2783,4368,7151
SL-8 R/B,2790,4363,7153
FLOCK 4S 48,4270,2892,7162
NEPT-1,4229,2933,7162
OPS 0203 (DMSP 5A F2),2749,4415,7164
STARLINK-3155,4230,2934,7164
CE-SAT IIB,4272,2893,7165
STUDSAT,3832,3335,7167
FLOCK 4V 13,4241,2926,7167
SL-8 R/B,2755,4413,7168
CARTOSAT 2C,4271,2898,7169
RADCAL,2797,4375,7172
NOAA 15,2355,4817,7172
METEOR M2-2,2357,4815,7172
MACSAT 1 (M 1),3859,3314,7173
COSMOS 1470,4242,2932,7174
FLOCK 2K 43,5000,2174,7174
OBJECT C,4276,2901,7177
OBJECT K,3836,3344,7180
DMSP 5D-2 F13 (USA 109),2335,4848,7183
TRAILBLAZER 2,3856,3327,7183
COSMOS 1674,4309,2875,7184
ONEWEB-0348,3857,3328,7185
SL-3 R/B,2334,4852,7186
EYESAT A,2368,4818,7186
JY1SAT,3858,3329,7187
SPACEBEENZ-3,4310,2877,7187
STERKH 2,2366,4823,7189
ZY 1,2761,4428,7189
FLOCK 3P 85,4981,2208,7189
QUAKESAT,2378,4822,7200
RADARSAT 2,2381,4820,7201
NOAA 20,2345,4862,7207
FLOCK 4S 20,4279,2928,7207
MKA-FKI 1,2344,4864,7208
OBJECT D,3868,3340,7208
SPACEBEE-94,4280,2929,7209
UGATUSAT,2350,4861,7211
PAZ,4297,2914,7211
KORONAS-FOTON,4302,2912,7214
CYGFM08,4298,2916,7214
GRACE-FO 1,4299,2917,7216
GRACE-FO 2,4300,2918,7218
DSAT,3838,3381,7219
FLOCK 4V 15,4278,2941,7219
HO-107,5010,2210,7220
METEOR 1-24,2353,4868,7221
CUBESAT XI 4,2397,4824,7221
LILACSAT 2,4301,2920,7221
PSLV R/B,3839,3382,7221
OPS 4467 B,2390,4838,7228
CARTOSAT-1,3850,3379,7229
SCOUT X-4 R/B,2358,4872,7230
OBJECT B,4282,2948,7230
LEMUR 2 AMANDA-SVANTE,3851,3380,7231
SCOUT D-1 R/B,2406,4826,7232
FLOCK 3P 73,5018,2217,7235
THOR BURNER 2 R/B,2360,4883,7243
METEOR-M,2361,4884,7245
COSMOS 2292,3847,3399,7246
KANOPUS-V 3,4306,2940,7246
FLOCK 4S 31,4283,2963,7246
NOAA 8,2410,4837,7247
CZ-4B R/B,2404,4846,7250
ONEWEB-0366,3877,3374,7251
METEOR 1-5,2417,4836,7253
RESURS O1-N4,2375,4878,7253
COSMOS 1331,2780,4474,7254
FLOCK 4S 13,4284,2970,7254
SCOUT X-4 R/B,2376,4881,7257
SAFIR 2,2379,4879,7258
SL-8 R/B,2420,4839,7259
SL-12 R/B(2),2422,4840,7262
OBJECT F,4848,2415,7263
CZ-4B R/B,2122,5142,7264
SL-16 R/B,2124,5145,7269
FENGYUN 3D,2377,4893,7270
YUNHAI 1,2415,4860,7275
XIAOXIANG 1,4869,2409,7278
COSMOS 1420,2437,4845,7282
SL-8 R/B,2791,4495,7286
SL-3 R/B,2440,4847,7287
ONEWEB-0335,3870,3417,7287
RESOURCESAT 2A,2423,4865,7288
JUGNU,2394,4898,7292
FLOCK 3P 75,5011,2281,7292
OPS 7202 (DMSP 4A F3),2395,4899,7294
ONEWEB-0383,3853,3444,7297
SCOUT X-4 R/B,2792,4507,7299
FLOCK 3PP 1,4879,2421,7300
GCOM-C,2445,4857,7302
SL-6 R/B,2446,4858,7304
DELTA 1 R/B(1),4289,3016,7305
CZ-2C R/B,5016,2290,7306
STARLINK-3003,4290,3018,7308
NUSAT-18 VERA,5038,2274,7312
SS 3,2409,4904,7313
NORSAT 1,3867,3446,7313
OBJECT E,2439,4877,7316
XSAT,2454,4863,7317
FLOCK 3R 8,5040,2277,7317
YAOGAN 1,3862,3457,7319
FLOCK 4A 19,4878,2441,7319
SL-14 R/B,3869,3453,7322
DIDO 2,4880,2442,7322
FLOCK 2P 2,5041,2283,7324
SMOG-1,4261,3065,7326
COSMOS 2537,3890,3439,7329
OBJECT D,2460,4869,7329
ARIANE 40 R/B,2459,4871,7330
DTUSAT,2452,4880,7332
SKYMED 3,3871,3461,7332
AAU CUBESAT,2462,4874,7336
IRS 1C,2449,4888,7337
COSMOS 1818 COOLANT,2809,4528,7337
OBJECT C,4323,3015,7338
SL-8 R/B,2810,4531,7341
YUNHAI 2 4,2461,4882,7343
OBJECT BA,3887,3459,7346
SOLRAD 1 (GREB),2431,4916,7347
SL-14 R/B,3888,3460,7348
IRIS,3874,3474,7348
METEOR 2-6,2432,4917,7349
SPACEBEE-95,4293,3056,7349
SJ 16-02,3889,3463,7352
FLOCK 3K 5,4906,2447,7353
SOCRATES,3878,3484,7362
OPS 1294 (DMSP 5D-2 F7),2471,4892,7363
NUSAT-9 ALICE,4898,2467,7365
FIREBIRD 3,5032,2341,7373
SL-8 R/B,2820,4555,7375
ONEWEB-0432,5033,2342,7375
TMSAT,2455,4921,7376
ELECTRON KICK STAGE R/B,4904,2473,7377
SL-24 R/B,4317,3062,7379
WESTPAC,2480,4901,7381
SKYSAT C7,5039,2343,7382
METOP-C,2482,4902,7384
CENTAURI 2,5036,2348,7384
SPACEBEE-38,4912,2478,7390
INTERCOSMOS 22,2477,4914,7391
NORSAT 3,3875,3517,7392
MONITOR-E/SL-19,2453,4940,7393
COSMOS 1726,4926,2468,7394
OPS 5721,2487,4910,7397
FLOCK 3P 26,4928,2469,7397
THOR BURNER 2 R/B,2488,4912,7400
PSLV R/B,2473,4927,7400
SL-12 R/B(AUX MOTOR),2457,4944,7401
COSMOS 676,2499,4903,7402
SL-14 R/B,3897,3505,7402
OKEAN 4,3880,3522,7402
BLITS,2492,4911,7403
RESOURCESAT 2,2467,4936,7403
SL-16 R/B,2475,4929,7404
ROBUSTA 1B,4918,2489,7407
OBJECT E,4907,2501,7408
OBJECT A,4273,3136,7409
MITEE 1,4342,3068,7410
OBJECT N,4927,2485,7412
CICERO 10,4343,3070,7413
SL-16 R/B,2481,4934,7415
IRS B3,2466,4949,7415
DIADEME 1,3883,3533,7416
H-2A R/B,2469,4948,7417
GOERGEN,4349,3069,7418
FLOCK 4EP 1,4344,3074,7418
FLOCK 4A 16,4914,2506,7420
TATIANA 2,2501,4920,7421
BRITE-U UNIBRITE,2834,4587,7421
STARLINK-2239,4941,2481,7422
FORMOSAT7-3/COSMIC2-3,4277,3149,7426
FLOCK 3P 22,5073,2356,7429
FLOCK 4A 5,4346,3085,7431
LEMUR 2 ROBMOORE,5075,2358,7433
DIAMANT B-P4 R/B,2521,4913,7434
YUNHAI 2 1,2798,4636,7434
SPOT 3,2509,4926,7435
ZHUHAI-1 03C,4348,3087,7435
OPS 6983 (DMSP 5C F1),2498,4938,7436
AISSAT 1,3903,3535,7438
ASAP-S,3904,3536,7440
IRIDIUM 146,2808,4632,7440
IRS P2,2512,4930,7442
METEOR 1-22,2484,4960,7444
SL-8 R/B,2528,4918,7446
PAINANI-2,4281,3165,7446
NOAA 18,2199,5251,7450
SL-12 R/B(2),2203,5249,7452
NOAA 9,2202,5250,7452
FLOCK 3P 19,5061,2391,7452
HEAD-1,2538,4915,7453
YUANGUANG,4357,3096,7453
SPACEBEE-25,4930,2527,7457
HEAD-5,4951,2507,7458
BIROS,4351,3108,7459
XPNAV-1,4931,2528,7459
SL-3 R/B,4266,3194,7460
METOP-B,2523,4937,7460
CZ-2C R/B,4932,2529,7461
HAWK-2A,4267,3195,7462
THOR BURNER 2 R/B,2542,4922,7464
OBJECT Y,4942,2522,7464
COMPASS 2,4963,2502,7465
LEMUR 2 VICTOR-ANDREW,4943,2525,7468
YOUTHSAT,2546,4924,7470
NABEO/ELECTRON,4962,2513,7475
COSMOS 546,4365,3112,7477
SPACEBEE-87,4367,3113,7480
FLOCK 3P 74,4354,3127,7481
OBJECT D,4362,3120,7482
CBERS 1,2817,4666,7483
OBJECT C,4355,3129,7484
ELECTRON KICK STAGE R/B,4356,3130,7486
SL-3 R/B,4950,2537,7487
COSMOS 1818 COOLANT,2821,4667,7488
FORMOSAT 3A,2514,4975,7489
THOR BURNER 2 R/B,2527,4966,7493
FLOCK 3P 79,4954,2539,7493
LEMUR 2 ELHAM,4945,2549,7494
TSUBAME,4955,2540,7495
VOLGA R/B,4964,2531,7495
EROS B,4946,2550,7496
GAOFEN 11,4363,3134,7497
COSMOS 1992,2828,4671,7499
CZ-4C R/B,2568,4931,7499
FLOCK 3P 4,4360,3139,7499
OBJECT C,3908,3591,7499
3CAT-2,4361,3140,7501
FLOCK 3K 10,4965,2536,7501
FLOCK 2P 10,4961,2545,7506
ARGOS,2549,4958,7507
CUTE-1,2533,4974,7507
METEOR 1-21,2242,5266,7508
COSMOS 1844,2530,4979,7509
SL-16 R/B,2243,5267,7510
FORMOSAT 3C,2532,4981,7513
FALCON EYE 2,3899,3614,7513
CSG-1,3900,3615,7515
COSMOS 1818 COOLANT,2831,4686,7517
OPS 4467 A,2548,4970,7518
DELTA 1 R/B(1),2551,4969,7520
SL-16 R/B,2540,4983,7523
OBJECT C,4359,3166,7525
ITAMSAT,2832,4694,7526
STF-1,4968,2559,7527
OBJECT AA,4374,3154,7528
TIANHUI 1-02,4969,2560,7529
COSMOS 1867 COOLANT,2587,4943,7530
ELECTRON KICK STAGE R/B,4291,3241,7532
ONEWEB-0315,3905,3628,7533
FLOCK 3P 5,5088,2446,7534
TIUNGSAT 1,3929,3606,7535
3CAT-1,4978,2558,7536
SL-14 R/B,3906,3631,7537
CZ-4C R/B,3930,3607,7537
NUSAT-12 DOROTHY,5089,2448,7537
FENGYUN 3A,2556,4982,7538
COSMOS 2221,3912,3627,7539
SL-12 R/B(AUX MOTOR),2560,4980,7540
SL-8 R/B,2833,4707,7540
FLOCK 3P 11,4368,3172,7540
DUMMY MASS 1,3918,3623,7541
OBJECT J,4315,3227,7542
KANOPUS-V 1,4370,3173,7543
GEOS 3,2526,5018,7544
SL-12 R/B(AUX MOTOR),2547,4998,7545
CZ-2D R/B,2271,5274,7545
FLOCK 4S 24,4316,3230,7546
ARIANE 1 R/B,2592,4955,7547
NOAA 17,2595,4952,7547
FLOCK 3K 2,4977,2570,7547
SPACEBEE-77,4967,2582,7549
LING QIAO,2597,4953,7550
DMSP 5D-2 F8 (USA 26),2562,4991,7553
ATHENOXAT 1,4373,3180,7553
VZLUSAT 1,4980,2574,7554
SHIYAN 4 (SY-4),2601,4956,7557
SENTINEL 2B,2843,4714,7557
VENTA 1,4988,2569,7557
THOR BURNER 2 R/B,2844,4715,7559
FENGYUN 1C,2536,5023,7559
PROBA V,2569,4990,7559
DMSP 5D-2 F11 (USA 73),2553,5007,7560
LEMUR 2 MIA-GRACE,4975,2585,7560
SL-3 R/B,2537,5024,7561
HAIYANG 1C,2845,4716,7561
OPS 3367 B,2602,4964,7566
LEMUR 2 LYNSEY-SYMO,4972,2594,7566
CANX-6,3915,3652,7567
KZ-1A R/B,4378,3189,7567
OBJECT T,4388,3179,7567
SPACEBEE-22,4973,2595,7568
OPS 9845 (DMSP 5D-2 F6),2606,4963,7569
HAIYANG 1B,2847,4724,7571
OBJECT H,4379,3192,7571
FLOCK 3K 8,5006,2565,7571
HAIYANG 1D,2848,4723,7571
SOICAL (CONE),2574,4999,7573
ONEWEB-0417,5008,2566,7574
OPS 4311 (DMSP 5B F1),2576,5001,7577
TITAN 4B R/B,3919,3658,7577
CYGFM01,4319,3258,7577
ONEWEB-0396,5009,2568,7577
COSMOS 2251,2578,5002,7580
EYESAT-NANO,4395,3186,7581
REX 2,2550,5032,7582
COSMOS 1867 COOLANT,2854,4728,7582
IRIDIUM 118,2852,4730,7582
PICOSAT 9,2607,4976,7583
SPACEBEE-44,4322,3261,7583
NANOCONNECT-2/SAI-1,4396,3187,7583
LEMUR 2 SPECIAL K,3927,3656,7583
COSMOS 1818 COOLANT,2853,4731,7584
SIMSAT 1,4376,3209,7585
ZHUHAI-1 03A,4369,3216,7585
ADEOS,2609,4977,7586
STARLINK-3144,4996,2591,7587
COSMOS 1818,2856,4733,7589
PSLV R/B,2579,5011,7590
STARLINK-3121,5005,2589,7594
AIST 2D,5112,2483,7595
LEMUR 2 JENNIFERSONG,4324,3271,7595
ONEWEB-0318,3934,3662,7596
FASAT B,2582,5016,7598
FLOCK 3P 84,5119,2479,7598
SARAL,2614,4986,7600
COSMOS 1867 COOLANT,2858,4743,7601
PEGASUS R/B,2619,4984,7603
ARIANE 5 R/B,2859,4744,7603
IRIDIUM 139,2863,4741,7604
DMSP 5D-2 F9 (USA 29),2590,5017,7607
SPACEBEE-27,5022,2592,7614
LEMUR 2 MARSHALL,4397,3219,7616
OBJECT F,4398,3220,7618
OSCAR 18 (WEBERSAT),2869,4751,7620
SAPPHIRE,2870,4750,7620
LEMUR 2 PETERWEBSTER,4984,2636,7620
COSMOS 836,2874,4747,7621
SPACEBEENZ-5,4383,3238,7621
SL-27 R/B,4985,2637,7622
MOST,2594,5031,7625
VDNH 80,4304,3323,7627
SL-14 R/B,3937,3691,7628
SOCRAT,4305,3324,7629
IRIDIUM 162,2903,4727,7630
BRIK-II,5015,2615,7630
COSMOS 1354,2878,4753,7631
FLOCK 4P 4,4409,3222,7631
TYVAK-0172,3938,3693,7631
FLOCK 4S 36,4333,3299,7632
LEMUR 2 RDEATON,5030,2603,7633
XY S 1,4334,3300,7634
ONEWEB-0354,3942,3692,7634
UVSQ-SAT,4335,3301,7636
KEPLER-12 (BOBA),4337,3302,7639
PERSEUS M1,3944,3696,7640
FLOCK 2P 11,5136,2505,7641
COSMOS 1867 COOLANT,2632,5010,7642
HAIYANG 1,2630,5013,7643
SPACEBEE-59,4394,3251,7645
AO-92,4391,3255,7646
YUNHAI 2 5,2882,4764,7646
XW-2F,4392,3256,7648
RESURS P1,5021,2628,7649
IRIDIUM 108,2883,4766,7649
IT-SPINS,4989,2660,7649
NANOACE,3947,3705,7652
NUDTSAT,5019,2634,7653
IRIDIUM 111,2889,4765,7654
COSMOS 1818 COOLANT,2887,4767,7654
COSMOS 2150,2886,4771,7657
ONEWEB-0251,5140,2517,7657
ORBCOMM FM 25,2890,4768,7658
OBJECT J,4307,3351,7658
THEOS,2617,5043,7660
FLOCK 3M 2,5001,2659,7660
KANOPUS-V 6,4308,3352,7660
FLOCK 3M 1,5002,2661,7663
BUCCANEER RMM,3948,3716,7664
COSMOS 858,2657,5014,7671
SKIPPER,2621,5050,7671
METEOR M2,2622,5049,7671
COSMOS 1867 COOLANT,2893,4780,7673
COSMOS 1867 COOLANT,2896,4778,7674
SL-3 R/B,2604,5071,7675
CORIOLIS,2608,5073,7681
ISAT,4050,3633,7683
ARIANE 40 R/B,2897,4787,7684
OBJECT A,5004,2681,7685
IRIDIUM 131,2898,4788,7686
YAOGAN 9B,2899,4789,7688
SPACEBEE-17,4347,3341,7688
DMSP 5D-3 F18 (USA 210),2612,5077,7689
COSMOS 1818 COOLANT,2900,4791,7691
PEGASUS R/B,4312,3383,7695
FENGYUN 3E,2637,5061,7698
FLOCK 4A 14,4429,3272,7701
ORBCOMM FM 6,2920,4782,7702
ASTROCAST-02,4422,3281,7703
NUSAT-11 CORA,5148,2555,7703
YAOGAN 9C,2905,4799,7704
COSMOS 1624,2906,4801,7707
ATLAS 41E R/B,2921,4786,7707
CZ-8 R/B,5150,2557,7707
PSLV R/B,2644,5064,7708
FLOCK 4V 14,4313,3395,7708
COSMOS 1867 COOLANT,2683,5026,7709
EXACTVIEW-1,2620,5090,7710
COSMOS 1867 COOLANT,2684,5027,7711
SRMSAT,2386,5329,7715
SL-8 R/B,2909,4807,7716
COSMOS 2406,2387,5330,7717
ONEWEB-0342,3969,3748,7717
YUNHAI 1-02,2910,4808,7718
CBERS-4,2928,4793,7721
OBJECT J,4443,3279,7722
INTERCOSMOS 24,4436,3287,7723
CBERS 2,2929,4794,7723
STARLINK-61,5023,2700,7723
MICRO LABSAT,2913,4811,7724
BEESAT 4,4444,3280,7724
MOMENTUS-X1,4358,3367,7725
COSMOS 1818 COOLANT,2931,4795,7726
OPS 5390,2693,5034,7727
HAISI 1,4426,3305,7731
OPS 8579 (DMSP 5B F5),2666,5069,7735
ORBCOMM FM 10,2935,4800,7735
SS-18 R/B,3966,3769,7735
DIAMANT R/B,2709,5028,7737
PSLV R/B,3967,3770,7737
SL-8 R/B,2936,4802,7738
COSMOS 2360,2398,5342,7740
FALCONSAT,2703,5040,7743
THOR BURNER 2 R/B,2634,5110,7744
FENGMANIU 1,5059,2685,7744
FLOCK 3P 54,5029,2718,7747
TIANHUI 1,4430,3318,7748
TANDEM X,4431,3319,7750
BGUSAT,4976,2774,7750
YUNHAI 2 2,2706,5045,7751
FLOCK 4V 6,4318,3433,7751
ZHUHAI-1 OHS-03,4432,3320,7752
NEOSSAT,2707,5046,7753
SPACEBEE-83,4433,3321,7754
FLOCK 4P 10,4982,2778,7760
METEOR 2-3,2411,5351,7762
TIROS N,2640,5122,7762
OBJECT E,4983,2779,7762
ARTHUR-1,4325,3437,7762
OBJECT M,5161,2602,7763
COSMOS 1125,2713,5051,7764
LEMUR 2 AC-CUBED,4326,3438,7764
COSMOS 2322,2643,5123,7766
JILIN-01 GAOFEN 3H,4321,3447,7768
COSMOS 2369,2654,5116,7770
CYGFM06,4463,3307,7770
TIROS 4,2715,5056,7771
COSMOS 1850,2932,4841,7773
FLOCK 4A 9,4464,3309,7773
BREEZE-M R/B,3973,3801,7774
COSMOS 1190,2933,4842,7775
COSMOS 1814,2949,4827,7776
CANX-1,2687,5089,7776
FLOCK 4P 7,5034,2744,7778
ORBCOMM FM 4,2688,5091,7779
IRIDIUM 172,2725,5057,7782
COSMOS 1818 COOLANT,2952,4833,7785
FORMOSAT 3B,2953,4835,7788
COSMOS 1818 COOLANT,2954,4834,7788
NPP,2691,5098,7789
IRIDIUM 142,2729,5060,7789
OPS 8068,2738,5053,7791
SSU 2,2435,5363,7798
DELTA 2 R/B(1),4991,2807,7798
OBJECT L,4371,3428,7799
SPACEBEENZ-2,5043,2759,7802
METOP-A,2959,4844,7803
MAX VALIER SAT,4990,2813,7803
SENTINEL 5P,2701,5103,7804
COSMOS 1818 COOLANT,2746,5058,7804
IRS 1D,2747,5059,7806
OBJECT K,5045,2761,7806
THOR AGENA D R/B,2737,5070,7807
COSMOS 1263,2744,5063,7807
NOAA 12,2675,5132,7807
IRS P2 R/B,2668,5139,7807
ARKYD 6A,5046,2762,7808
NUSAT 5,4998,2811,7809
NOAA 11,2674,5136,7810
LEMUR 2 KUNGFOO,4999,2812,7811
SPACEBEE-76,4995,2817,7812
DMSP 5D-2 F12 (USA 106),2670,5143,7813
ADEOS 2,2752,5062,7814
TURKSAT 3U,3984,3831,7815
COSMOS 1818 COOLANT,2966,4850,7816
HUANGPU-1,4461,3355,7816
WORLDVIEW 1,4997,2821,7818
KEPLER-14 (STELLA),4331,3488,7819
GALASSIA,4462,3359,7821
OSCAR 19 (LUSAT),2759,5065,7824
FLOCK 3P 27,5173,2653,7826
CHUANG XIN 1-02(CX-1-02),2751,5076,7827
SKYSAT C4,5174,2655,7829
COSMOS 1867 COOLANT,2946,4886,7832
LEMUR 2 GREGROBINSON,4338,3495,7833
COSMOS 1867 COOLANT,2756,5079,7835
THOR BURNER 2A R/B,2768,5068,7836
ZHUHAI-1 02,4339,3497,7836
SAPPHIRE,2948,4889,7837
SL-8 R/B,2969,4870,7839
SPACEBEE-30,5012,2827,7839
FLOCK 4A 2,5095,2745,7840
IRIDIUM 173,2767,5075,7842
STARLINK-71,5013,2829,7842
RCM 1,3989,3853,7842
OBJECT A,5057,2786,7843
COSMOS 1898,2951,4895,7846
COSMOS 1633,5177,2670,7847
IRIDIUM 125,2771,5078,7849
IRIDIUM 155,2762,5087,7849
CZ-2D R/B,2778,5072,7850
GEOSAT,2975,4876,7851
IRIDIUM 130,2763,5088,7851
COSMOS 1818 COOLANT,2976,4875,7851
IRIDIUM 63,2773,5080,7853
FLOCK 4A 20,5017,2837,7854
OSCAR 14 (UOSAT 3),2955,4900,7855
COSMOS 1818 COOLANT,2781,5074,7855
IRIDIUM 157,2776,5083,7859
SL-16 R/B,2476,5384,7860
NOAA 7,2697,5165,7862
SENTINEL 3A,2728,5134,7862
PINA 2B,5025,2839,7864
COSMOS 1818 COOLANT,2960,4905,7865
RIGIDSPHERE 2 (LCS 4),2961,4906,7867
SL-16 R/B,2700,5167,7867
COSMOS 1818 COOLANT,2962,4907,7869
FLOCK 3K 9,5101,2768,7869
SCOUT G-1 R/B,2963,4908,7871
OBJECT B,5068,2804,7872
ASUSAT,2777,5096,7873
SHIYAN 3 (SY-3),2964,4909,7873
OBJECT K,5027,2846,7873
INS-1B,5069,2805,7874
SHAONIAN XING,5028,2847,7875
COSMOS 1818 COOLANT,2980,4896,7876
COSMOS 2227,2489,5389,7878
SL-8 R/B,2982,4897,7879
COSMOS 2278,2711,5169,7880
PEGASUS R/B,2796,5086,7882
SUNSAT,2494,5391,7885
METEOR 1-20,2704,5182,7886
SPACEBEE-46,4352,3534,7886
ORBCOMM FM 22,2968,4919,7887
OPAL,2784,5104,7888
COSMOS 1867 COOLANT,2785,5105,7890
SPACEBEE-23,5047,2844,7891
IRIDIUM 110,2786,5106,7892
COSMOS 1818 COOLANT,2800,5093,7893
YUNHAI 2 3,2793,5100,7893
DMSP 5D-2 F15 (USA 147),2714,5181,7895
LEMUR 2 YUASA,5190,2705,7895
YUNHAI 2 6,2802,5094,7896
COSMOS 1867 COOLANT,2803,5095,7898
OBJECT A,5074,2824,7898
IRIDIUM 136,2788,5111,7899
TERRA SAR X,4485,3416,7901
COSMOS 1867 COOLANT,2789,5112,7901
COSMOS 1867 COOLANT,2794,5107,7901
OPS 3367 A,2795,5108,7903
SL-16 R/B,2511,5393,7904
EXPLORER 31 (ISIS-X),4486,3419,7905
COSMOS 1538,2977,4928,7905
COSMOS 1269,2807,5099,7906
PINA 2A,5072,2834,7906
SPACEBEE-29,5076,2830,7906
COSMOS 1023,2806,5101,7907
FLOCK 4A 18,5077,2832,7909
GOSAT 2,3993,3918,7911
COSMOS 783,2799,5113,7912
PSLV R/B,5078,2835,7913
FLOCK 3K 11,5081,2833,7914
SL-8 R/B,2981,4935,7916
FLOCK 3P 87,5132,2789,7921
COSMOS 1486,2813,5109,7922
SL-3 R/B,2721,5204,7925
COSMOS 2237,2722,5205,7927
THOR AGENA D R/B,2811,5117,7928
LEMUR 2 LUCYBRYCE,5042,2888,7930
FLOCK 3P 52,5051,2881,7932
KITSAT B,2987,4946,7933
BPA 3/SL-24,3997,3936,7933
NUDT-PHONESAT,5053,2880,7933
OBJECT B,5044,2891,7935
IRIDIUM 152,2989,4947,7936
SPACEBEE-36,5122,2816,7938
IRIDIUM 147,2815,5124,7939
SL-8 R/B,2822,5119,7941
SL-16 R/B,2814,5128,7942
YAOGAN 26,5052,2890,7942
FLOCK 4A 7,5085,2857,7942
COSMOS 1452,2823,5120,7943
COSMOS 1110,2816,5129,7945
SHIYAN 11 (SY-11),5066,2879,7945
DELTA 1 R/B,2735,5211,7946
SL-8 R/B,2993,4954,7947
FLOCK 3P 9,5082,2865,7947
OSCAR 16 (PACSAT),2824,5125,7949
FLOCK 2P 9,5083,2866,7949
FLOCK 4A 1,5055,2894,7949
IRIDIUM 28,2825,5126,7951
SPACEBEENZ-6,5056,2895,7951
STELLA,2819,5133,7952
OBJECT D,5050,2904,7954
COSMOS 1503,2826,5130,7956
NORSAT 2,3996,3961,7957
WEOS,2827,5131,7958
FLOCK 3R 9,5200,2758,7958
ONEWEB-0392,5197,2764,7961
FLOCK 3P 50,5134,2828,7962
SATHYABAMASAT,5087,2876,7963
FLOCK 3P 82,5199,2766,7965
DELTA 2 R/B(1),2829,5137,7966
COSMOS 1603,2745,5223,7968
CZ-4B R/B,5063,2905,7968
YAOGAN 12,5060,2910,7970
COSMOS 1867 COOLANT,3002,4968,7970
OBJECT B,5096,2874,7970
IRVINE01,5065,2907,7972
IRIDIUM 44,3001,4973,7974
OPS 7323 (DMSP 5B F3),2754,5221,7975
SUPERVIEW-1 01,4423,3552,7975
SPACEBEE-34,5062,2913,7975
ZHEDA PIXING 3A,4424,3553,7977
COSMOS 1544,5071,2911,7982
COSMOS 2219,2758,5227,7985
CHUANG XIN 1-04,2835,5155,7990
LKW-3,5054,2936,7990
COSMOS 1818 COOLANT,2840,5154,7994
POSAT 1,3005,4992,7997
IRIDIUM 36,2841,5156,7997
COSMOS 1570,2842,5157,7999
SENTINEL 3B,2838,5162,8000
SL-8 R/B,3012,4989,8001
COSMOS 773,3007,4996,8003
OBJECT G,4385,3618,8003
ONEWEB-0427,5203,2800,8003
FLOCK 3P 41,5205,2799,8004
ONEWEB-0420,5206,2798,8004
SL-8 R/B,3044,4961,8005
LEMUR 2 URSA AVION,4386,3619,8005
NUSAT-15 KATHERINE,5106,2899,8005
SL-3 R/B,2588,5418,8006
NOAA 10,3009,4997,8006
YAOGAN 28,4513,3493,8006
SKYSAT C5,5100,2906,8006
ALE-1,5098,2909,8007
GAOFEN 3,3046,4962,8008
KEPLER-15 (SUDORMRF),4387,3621,8008
COSMOS 1680,3010,5000,8010
PSLV R/B,2782,5228,8010
OBJECT R,4514,3496,8010
FLOCK 4A 8,5107,2903,8010
COSMOS 1867 COOLANT,3017,4994,8011
OPS 5058 (DMSP 5B F2),3018,4995,8013
SPACEBEE-82,5064,2949,8013
SKCUBE,5099,2915,8014
PEASSS,5151,2864,8015
SL-8 R/B,3014,5003,8017
SPACEBEE-92,4445,3572,8017
LEMUR 2 CHANUSIAK,5097,2923,8020
VESSELSAT 1,2787,5235,8022
OBJECT H,5152,2872,8024
COSMOS 1867 COOLANT,3021,5005,8026
KEPLER-8 (AMAROK),4448,3579,8027
FEDSAT,2855,5173,8028
HARBINGER,5102,2927,8029
SL-12 R/B(AUX MOTOR),3022,5008,8030
COSMOS 1954,3025,5006,8031
FLOCK 3P 15,5153,2878,8031
IRIDIUM 156,2857,5174,8031
SL-8 R/B,3023,5009,8032
STARLINK-2212,4449,3584,8033
OPS 4078 (DMSP 4B F2),2850,5186,8036
LIBERTAD 1,3024,5012,8036
THOR BURNER 2A R/B,2801,5237,8038
COSMOS 1867 COOLANT,2851,5187,8038
OBJECT Y,5103,2935,8038
COSMOS 1656,2611,5429,8040
FORMOSAT 3F,2861,5179,8040
FLOCK 3P 30,5091,2950,8041
SL-16 R/B,2804,5238,8042
CARTOSAT 2AT,5092,2951,8043
SCOUT G-1 R/B,2805,5239,8044
PICOSAT 1&2 (TETHERED),3032,5015,8047
AOBA VELOX-IV,5093,2955,8048
OBJECT E,5162,2886,8048
OBJECT D,5094,2956,8050
COSMOS 2542,5213,2840,8053
COSMOS 1777,2862,5192,8054
OPS 8364 (DMSP 4),2868,5189,8057
KANOPUS-V 4,4511,3547,8058
H-2A R/B,4007,4051,8058
BIRD 2,5218,2841,8059
CHUANG XIN 1-03,2865,5195,8060
OBJECT D,4410,3650,8060
AISSAT 2,4005,4056,8061
GAOFEN 9 02,4530,3531,8061
COSMOS 2208,2871,5191,8062
CHIPSAT,4411,3653,8064
ONEWEB-0403,5219,2845,8064
FLOCK 4S 22,4412,3654,8066
SL-3 R/B,4467,3602,8069
OBJECT AA,4468,3603,8071
ELECTRON KICK STAGE R/B,5086,2986,8072
SL-3 R/B,2636,5438,8074
IRIDIUM 138,2876,5199,8075
SPACEBEE-33,5090,2987,8077
LINGQUE 1A,5121,2958,8079
EPSILON R/B,5104,2976,8080
ONEWEB-0450,5159,2921,8080
STARLINK-3075,5160,2922,8082
PICASSO-BEL,4420,3664,8084
FLOCK 4P 9,5120,2965,8085
DELTA 1 R/B,2875,5212,8087
IRIDIUM 145,3060,5030,8090
ZY-1 02D,2884,5206,8090
HAWK-3C,4421,3671,8092
LEMUR 2 NOGUECORREIG,5170,2924,8094
OBJECT B,4532,3562,8094
FLOCK 3P 55,5171,2925,8096
ONEWEB-0301,4017,4079,8096
SL-14 R/B,4014,4083,8097
FLOCK 3P 58,5110,2988,8098
DEIMOS 2,4016,4085,8101
CARTOSAT 2E,4427,3678,8105
LEMUR 2 SAM-AMELIA,5123,2982,8105
R2,4072,4033,8105
DMSP 5D-3 F17 (USA 191),2656,5450,8106
FLOCK 4A 3,5114,2992,8106
TUBIN,4428,3679,8107
SPACEBEE-4,5115,2993,8108
IRIDIUM 57,3090,5019,8109
AL-FARABI 1,5166,2943,8109
IRIDIUM 7,3091,5020,8111
GENESIS 1,5126,2985,8111
COSMOS 1818 COOLANT,3092,5021,8113
SL-8 R/B,3076,5042,8118
QSAT-EOS,5133,2989,8122
SPACEBEE-31,4539,3585,8124
FLOCK 3P 59,5131,2995,8126
ONEWEB-0379,4022,4104,8126
SAUDISAT 1C,4020,4107,8127
OPS 5268 (DMSP 5A F3),3106,5022,8128
HST,4434,3694,8128
SWAYAM,5172,2957,8129
FLOCK 3P 72,5108,3021,8129
ONEWEB-0288,4023,4108,8131
ONEWEB-0333,4021,4110,8131
DHABISAT,5109,3023,8132
CHOMPTT,5127,3007,8134
LKW-1,4487,3648,8135
FLOCK 4P 3,5139,2997,8136
FLOCK 4A 4,4544,3593,8137
SPACEBEE-39,5128,3010,8138
METEOR 1-10,2867,5273,8140
OBJECT B,5129,3011,8140
NUSAT-13 EMMY,5130,3014,8144
COSMOS 1818 COOLANT,3117,5029,8146
ONEWEB-0355,4024,4122,8146
CZ-2C R/B,5105,3044,8149
FLOCK 3P 3,5183,2966,8149
LEMUR 2 JOBANPUTRA,5182,2969,8151
COSMOS 1302,3097,5055,8152
IRIDIUM 16,3119,5033,8152
ONEWEB-0322,4025,4127,8152
PSLV R/B,5135,3019,8154
ORCA-7,5117,3042,8159
STARLINK-3134,5179,2980,8159
DOVE 3,3125,5035,8160
FLOCK 2P 8,5118,3043,8161
ONEWEB-0394,5178,2984,8162
SL-12 R/B(AUX MOTOR),3127,5036,8163
UCLSAT,5111,3052,8163
HAWK-3B,4457,3706,8163
NUSAT 1,5187,2977,8164
EXPLORER 16,3128,5037,8165
OBJECT F,4458,3707,8165
WISE,5113,3053,8166
IRIDIUM 154,3129,5038,8167
SL-8 R/B,3130,5039,8169
LEMUR 2 SQUAREJAWS,4497,3672,8169
GHALIB,4459,3710,8169
SPACEBEE-28,5116,3054,8170
ASNARO,4460,3711,8171
SHERPA-LTE1,4499,3674,8173
STARLINK-2306,4557,3617,8174
FLOCK 3P 78,5142,3034,8176
IRIDIUM 920,3136,5041,8177
SL-8 R/B,3137,5044,8181
OBJECT C,5124,3058,8182
LEMUR 2 LISASAURUS,5125,3059,8184
SPACEBEENZ-1,4561,3624,8185
PROXIMA II,4562,3625,8187
IRIDIUM 171,3140,5047,8187
SL-14 R/B,4028,4160,8188
ORBCOMM FM 32,3123,5066,8189
NAYIF 1,5144,3045,8189
KMS 3-2,5188,3002,8190
SPACEBEE-104,4469,3722,8191
CICERO 6,4560,3632,8192
SPACEBEE-69,4470,3723,8193
LEMUR 2 DAVEWILSON,5189,3005,8194
ARIANE 40 R/B,3147,5048,8195
COSMOS 1602,4471,3731,8202
OBJECT A,4472,3732,8204
IRIDIUM 29,3154,5052,8206
NUSAT-17 MARY,5137,3071,8208
GOMX4-B,5149,3061,8210
COSMOS 2535,4033,4177,8210
ZACUBE-2,5138,3073,8211
OBJECT P,5184,3028,8212
ZHANGHENG 1,4569,3644,8213
ONEWEB-0344,4034,4179,8213
OBJECT G,4032,4182,8214
INS-1A,5193,3022,8215
OBJECT C,4570,3646,8216
OBJECT E,5143,3080,8223
IRIDIUM 45,5230,2994,8224
COSMOS 1867 COOLANT,3145,5081,8226
FLOCK 4S 15,4482,3746,8228
SL-16 R/B,2740,5490,8230
SPACEBEE-12,4483,3747,8230
FLOCK 4A 13,5154,3079,8233
GAOFEN 11 2,4573,3660,8233
HEAD-4,5141,3093,8234
FLOCK 3P 88,5192,3047,8239
STEP CUBE LAB,5195,3051,8246
SSES-1,5156,3092,8248
ZHUHAI-1 03B,4512,3740,8252
JILIN-01 GAOFEN 3G,4493,3766,8259
LEMUR 2 SATCHMO,5198,3064,8262
DEMO8(TENZING),4495,3767,8262
OBJECT X,5158,3105,8263
PROXIMA I,4576,3688,8264
ASTROCAST-0103,4496,3768,8264
OBJECT B,5147,3121,8268
SPACEBEE-98,4520,3756,8276
COSMOS 1048,3195,5082,8277
IRIDIUM 112,3194,5085,8279
ORBCOMM FM 13,3197,5084,8281
OBJECT A,5155,3126,8281
CAPELLA-5 (WHITNEY),4501,3787,8288
NOAA 14,2770,5522,8292
FLOCK 3P 32,5202,3091,8293
SL-8 R/B,3201,5097,8298
ESAIL,4480,3818,8298
ORBCOMM FM 28,3181,5118,8299
RESURS P3,5235,3067,8302
COSMOS 1867 COOLANT,3182,5121,8303
NIUSAT,4586,3726,8312
IRIDIUM 133,3191,5127,8318
FLOCK 4A 17,5167,3151,8318
IRIDIUM 141,3209,5114,8323
URSA MAIOR,5168,3157,8325
IRIDIUM 122,3210,5115,8325
XW-2D,4534,3796,8330
COSMOS 1867 COOLANT,3196,5135,8331
SPARC-1,5165,3167,8332
PEGASUS R/B,4535,3799,8334
COSMOS 1867 COOLANT,3198,5140,8338
THOR BURNER 2 R/B,2812,5527,8339
COSMOS 1818 COOLANT,3199,5141,8340
KSF1-B,4538,3804,8342
ONEWEB-0401,5211,3133,8344
COSMOS 1606,4604,3742,8346
SENTINEL 2A,3202,5144,8346
SPACEBEENZ-4,5163,3183,8346
METEOR 1-25,2818,5529,8347
PEGASUS,5210,3138,8348
XJY-7,5164,3185,8349
LEMUR 2 DJUPROERA,4515,3836,8351
OBJECT H,4516,3837,8353
COSMOS 1140,3206,5148,8354
COSMOS 1867 COOLANT,3207,5149,8356
FLOCK 3P 67,5175,3182,8357
PICOSAT 4,3208,5150,8358
FLOCK 4EP 8,4517,3841,8358
CZ-4B R/B,4518,3842,8360
3CAT-5/A (TYVAK-0161),4519,3843,8362
COSMOS 1867 COOLANT,3211,5153,8364
FLOCK 3P 65,5215,3150,8365
IRIDIUM 144,3230,5138,8368
SL-3 R/B,4521,3848,8369
OBJECT A,5169,3200,8369
CYGFM05,4522,3849,8371
COSMOS 1766,4523,3850,8373
CYGFM07,4524,3851,8375
ET-SMART-RSS,4611,3764,8375
RADARSAT,3218,5161,8379
LUME-1,5180,3202,8382
LEMUR 2 MANGO1,4553,3829,8382
THOR BURNER 2 R/B,2849,5534,8383
HAWK-3A,4526,3861,8387
MESHBED,5181,3207,8388
M-CUBED/EXP-1 PRIME,5224,3168,8392
COSMOS 1867 COOLANT,3226,5166,8392
ONEWEB-0418,5225,3169,8394
AEROCUBE 11-EAGLESCOUT,5185,3212,8397
COSMOS 372,3231,5168,8399
OBJECT G,4528,3872,8400
FLOCK 4S 26,4555,3846,8401
SL-16 R/B,2866,5536,8402
ORBCOMM FM 36,3250,5152,8402
COSMOS 1867 COOLANT,3232,5170,8402
FLOCK 4V 1,4529,3874,8403
OPS 0054 (DMSP 5A F1),3233,5171,8404
CZ-2C R/B,3234,5172,8406
LEMUR 2 XIAOQING,5247,3159,8406
CYGNUS NG-16,5248,3163,8411
COSMOS 2082,2873,5539,8412
SL-8 R/B,3238,5175,8413
IDEFIX/ARIANE 42P,3239,5176,8415
FLOCK 3P 36,5191,3226,8417
IRIDIUM 165,3240,5177,8417
COSMOS 1867 COOLANT,3241,5178,8419
KAZEOSAT 1,3260,5160,8420
COSMOS 1937,3243,5184,8427
COSMOS 1867 COOLANT,3246,5183,8429
DMSP 5D-2 F14 (USA 131),2885,5546,8431
OPS 6182 (DMSP 5D-1 F3),3269,5163,8432
COSMOS 1867 COOLANT,3244,5188,8432
ESSA 1 (OT-3),3249,5185,8434
RITE TARGET 2,3270,5164,8434
MEGHA-TROPIQUES,2888,5551,8439
SPACEBEE-15,4566,3875,8441
IRIDIUM 113,3253,5193,8446
OPS 5644,3254,5194,8448
PCSAT,3251,5198,8449
SL-16 R/B,2892,5560,8452
OBJECT D,5259,3197,8456
SL-8 R/B,3256,5201,8457
COSMOS 990,3258,5200,8458
COSMOS 1818 COOLANT,3263,5202,8465
RADCUBE,4540,3925,8465
KSF1-A,4541,3926,8467
COSMOS 1867 COOLANT,3265,5203,8468
IRIDIUM 117,3261,5207,8468
FLOCK 4V 7,4545,3934,8479
FLOCK 4V 18,4546,3935,8481
IRIDIUM 116,3274,5210,8484
FLOCK 4A 12,5196,3291,8487
IRIDIUM 120,3298,5196,8494
SCOUT G-1 R/B,3299,5197,8496
IRIDIUM 150,3282,5215,8497
GAOFEN 9 03,4574,3924,8498
IRIDIUM 158,3283,5216,8499
OBJECT J,4550,3949,8499
ORCA-6,5201,3304,8505
COSMOS 1867,3293,5219,8512
IRIDIUM 17,3294,5220,8514
CYGFM03,4556,3959,8515
FLOCK 3P 8,5204,3312,8516
LEMUR 2 SMITA-SHARAD,4642,3877,8519
STARLINK-1546,5276,3243,8519
GENESIS 2,4558,3962,8520
FLOCK 3P 14,5275,3245,8520
YAOGAN 21,4559,3963,8522
IRIDIUM 140,3314,5208,8522
SPACEBEE-80,4643,3879,8522
PAN SAT,5237,3286,8523
ORBCOMM FM 16,3315,5209,8524
OBJECT V,5277,3247,8524
COSMOS 407,3318,5213,8531
ORBVIEW 2 (SEASTAR),3319,5214,8533
FLOCK 3P 21,5280,3254,8534
FLOCK 4A 15,5238,3296,8534
RFTSAT,5271,3263,8534
FLOCK 3P 10,5272,3264,8536
BRO-3,4650,3893,8543
IRIDIUM 109,3328,5217,8545
NEXUS,5240,3306,8546
ORBCOMM FM 18,3329,5218,8547
IRIDIUM 126,3321,5229,8550
SPACEBEE-43,4577,3977,8554
COSMOS 1818 COOLANT,3324,5230,8554
IRIDIUM 114,3325,5231,8556
IRIDIUM 100,3335,5222,8557
COSMOS 1818 COOLANT,3336,5224,8560
OBJECT F,4564,3997,8561
FLOCK 4S 1,4579,3983,8562
TUBSAT A,3338,5225,8563
NUSAT-3,4565,3998,8563
FLOCK 4S 43,4580,3984,8564
IRIDIUM 160,3339,5226,8565
FLOCK 3R 10,5287,3285,8572
ORBCOMM FM 17,3337,5236,8573
OBJECT E,5216,3357,8573
QSS,5217,3360,8577
STARLINK-3111,5249,3333,8582
FLOCK 3P 66,5250,3334,8584
IRIDIUM 107,3344,5240,8584
LEMUR 2 VLADIMIR,5301,3288,8589
RITE TARGET 1,3347,5244,8591
FLOCK 3P 77,5294,3298,8592
COSMOS 1867 COOLANT,3348,5245,8593
COSMOS 2298,3362,5232,8594
OBJECT AE,4583,4012,8595
STARLINK-3149,5284,3311,8595
ORBCOMM FM 19,3363,5233,8596
SL-8 R/B,3364,5234,8598
FLOCK 4S 8,4584,4014,8598
FLOCK 3P 81,5285,3316,8601
FLOCK 3P 68,5254,3348,8602
STARLINK-3138,5255,3349,8604
FACSAT-1,5222,3387,8609
NUSAT-7 (SOPHIE),5256,3353,8609
KSF1-D,4590,4019,8609
PSLV R/B,4587,4023,8610
STARLINK-24,4672,3940,8612
OBJECT B,5223,3389,8612
ICEYE-X15,4588,4024,8612
COSMOS 1805,4592,4021,8613
MINOTAUR R/B,3367,5247,8614
FLOCK 4V 19,4589,4025,8614
ZY-1 02E,3373,5241,8614
COSMOS 1818 COOLANT,3374,5242,8616
ATLAS 2 CENTAUR R/B,4596,4022,8618
LEMUR 2 SOKOLSKY,5292,3326,8618
IRIDIUM 129,3375,5243,8618
SUCHAI,5253,3366,8619
GUNSMOKE-J 4,5258,3361,8619
COSMOS 394,5257,3363,8620
SS 2,4594,4026,8620
SPACEBEE-20,4595,4027,8622
SPACEBEE-13,4598,4028,8626
COSMOS 1763,3376,5252,8628
SPACEBEE-16,4593,4036,8629
COSMOS 1707,4597,4040,8637
COSMOS 540,3383,5255,8638
SL-8 R/B,3384,5256,8640
COSMOS 1842,4599,4041,8640
COSMOS 1818 COOLANT,3394,5248,8642
FLOCK 4V 16,4600,4047,8647
ONEWEB-0409,5305,3343,8648
FLOCK 3R 12,5312,3337,8649
COSMOS 1867 COOLANT,3391,5260,8651
NUSAT-14 HEDY,5313,3339,8652
OBJECT E,5266,3386,8652
STARLINK-2176,5307,3346,8653
CZ-4B R/B,3393,5261,8654
CORVUS BC5,4684,3970,8654
FLOCK 3R 11,5260,3396,8656
IRIDIUM 168,3403,5253,8656
COSMOS 1892,4605,4052,8657
CARBONITE 2,4685,3973,8658
KZ-1A R/B,5261,3397,8658
FLOCK 4EP 4,4606,4053,8659
IRIDIUM 180,3407,5254,8661
RLFL14,4607,4054,8661
STARLINK-3161,5270,3392,8662
IRIDIUM 143,3413,5257,8670
ONEWEB-0430,5306,3365,8671
WORLDVIEW 2,3414,5258,8672
IRIDIUM 151,3418,5259,8677
ONEWEB-0397,5273,3406,8679
FLOCK 4V 25,4608,4073,8681
COSMOS 1818 COOLANT,3419,5262,8681
FORMOSAT7-2/COSMIC2-2,4585,4097,8682
KEPLER-9 (ARTEMIS),4609,4074,8683
CZ-6 R/B,3421,5263,8684
OPS-SAT,4687,3999,8686
SEDSAT 1,3424,5264,8688
IRIDIUM 159,3423,5265,8688
POPACS 1,4612,4080,8692
SPACEBEE-110,4610,4084,8694
MICRODRAGON,4689,4009,8698
PSLV R/B,3431,5268,8699
MICROMAS 2A,5274,3429,8703
FLOCK 3P 48,5322,3385,8707
UNISAT 3,3439,5269,8708
ORBCOMM FM 20,3440,5270,8710
FLOCK 4S 35,4613,4099,8712
SL-8 R/B,3441,5272,8713
COSMOS 1741,3442,5271,8713
SPACEBEE-97,4614,4100,8714
RESURS P2,5315,3402,8717
FLOCK 4V 20,4615,4103,8718
OBJECT B,4602,4119,8721
SL-8 R/B,3447,5275,8722
DAMPE,4617,4105,8722
SPACEBEE-89,4603,4121,8724
COSMOS 803,5320,3405,8725
IRIDIUM 106,3449,5276,8725
ASNARO-2,4619,4106,8725
LEMUR 2 KOBYSZCZE,5286,3445,8731
FLOCK 4EP 5,4693,4038,8731
COSMOS 2550,5321,3412,8733
FLOCK 3P 38,5323,3413,8736
SL-8 R/B,3462,5278,8740
STPSAT 1,5336,3404,8740
COSMOS 494,3463,5280,8743
COSMOS 1818 COOLANT,3464,5279,8743
FLOCK 2P 7,5283,3462,8745
FLOCK 4P 8,4621,4124,8745
COSMOS 2056,3460,5286,8746
COSMOS 1818 COOLANT,3465,5281,8746
COSMOS 1818 COOLANT,3466,5282,8748
PICSAT,5281,3468,8749
FLOCK 3P 61,5282,3469,8751
IRIDIUM 26,3469,5283,8752
SKYSAT C12,5327,3426,8753
OBJECT G,4624,4131,8755
TIANHUI 2-01A,4625,4132,8757
COSMOS 1818 COOLANT,3474,5284,8758
ARCE-1A,4626,4133,8759
CICERO 7,4703,4057,8760
SPACEBEE-21,4627,4134,8761
AALTO 1,4628,4135,8763
FLOCK 2P 6,5293,3471,8764
IRIDIUM 33,3480,5288,8768
COSMOS 1867 COOLANT,3475,5293,8768
IRIDIUM 22,3482,5287,8769
COSMOS 1818 COOLANT,3481,5289,8770
FLOCK 3R 13,5324,3452,8776
SPACEBEE-88,4616,4161,8777
SL-8 R/B,3488,5290,8778
ORBCOMM FM 26,3483,5296,8779
STARLINK-3114,5325,3454,8779
STARLINK-2260,5326,3455,8781
COSMOS 1818 COOLANT,3484,5297,8781
LEMUR 2 SHAINAJOHL,5288,3494,8782
OBJECT L,4704,4078,8782
OAO 1,3492,5291,8783
SPACEBEE-57,4629,4155,8784
TRANSIT 2A,3493,5292,8785
FLOCK 4S 3,4630,4156,8786
BRITE-A TUGSAT-1,3494,5295,8789
CZ-4C R/B,4632,4157,8789
IRIDIUM 123,3490,5302,8792
IRIDIUM 149,3497,5299,8796
COSMOS 923,3500,5298,8798
SL-8 R/B,3498,5300,8798
IRIDIUM 163,3495,5304,8799
ORBCOMM FM 15,3499,5301,8800
COSMOS 1867 COOLANT,3496,5305,8801
FLOCK 4S 18,4634,4167,8801
TIANQI-8,4635,4168,8803
OBJECT D,5295,3510,8805
HIBER-1,5341,3466,8807
CZ-2C R/B,5342,3467,8809
TIANHUI 2-01B,4637,4174,8811
COSMOS 841,3503,5309,8812
P2-10,4638,4175,8813
THOR BURNER 2 R/B,3508,5306,8814
ORBCOMM FM 14,3509,5307,8816
STARLINK-3110,5298,3518,8816
FLOCK 3P 80,5299,3520,8819
OBJECT F,4711,4112,8823
COSMOS 1825,4715,4111,8826
COSMOS 1867 COOLANT,3512,5316,8828
IRIDIUM 135,3511,5317,8828
IRIDIUM 137,3518,5310,8828
AII-CHARLIE,4640,4188,8828
COSMOS 1867 COOLANT,3516,5314,8830
COSMOS 1867 COOLANT,3519,5311,8830
IRIDIUM 105,3517,5313,8830
SPACEBEE-49,4641,4189,8830
IRIDIUM 132,3513,5318,8831
HITCH HIKER 1,3520,5312,8832
FLOCK 3P 63,5340,3492,8832
FLOCK 2P 12,5348,3485,8833
AEROCUBE 12A,5354,3480,8834
SL-3 R/B,4644,4192,8836
SL-27 R/B,5355,3483,8838
COSMOS 2112,3521,5319,8840
XW-2B,4645,4196,8841
COSMOS 1818 COOLANT,3522,5320,8842
FLOCK 4S 33,4647,4198,8845
SL-8 R/B,3529,5321,8850
IRIDIUM 121,3531,5322,8853
FLOCK 4S 32,4631,4222,8853
DELTA 2 R/B,3530,5326,8856
ORBCOMM FM 34,3532,5325,8857
IRIDIUM 166,3535,5323,8858
ORIGAMISAT-1,5344,3514,8858
ORBCOMM FM 31,3536,5324,8860
ORBCOMM FM 30,3540,5327,8867
SPACEBEE-90,4639,4233,8872
SMOS,3547,5328,8875
IRIDIUM 128,3545,5331,8876
LEMUR 2 SPIRE-MINIONS,5314,3563,8877
DELTA 2 R/B(1),4739,4139,8878
IRIDIUM 42,3544,5336,8880
ORBCOMM FM 21,3548,5332,8880
AISTECHSAT-3,4740,4140,8880
IRIDIUM 119,3550,5333,8883
IRIDIUM 148,3542,5341,8883
AMAZONIA 1,3549,5334,8883
ONEWEB-0399,5371,3515,8886
IRIDIUM 38,3554,5335,8889
SHIJIAN 6 05B (SJ-6 05B),5366,3523,8889
ONEWEB-0406,5319,3570,8889
FLOCK 3P 44,5372,3519,8891
COSMOS 1818 COOLANT,3555,5337,8892
IRIDIUM 102,3556,5338,8894
TIROS 10,3552,5344,8896
ORBCOMM FM 23,3557,5339,8896
IRIDIUM 169,3558,5340,8898
NOAA 6,3553,5350,8903
KAITUO 1B,4649,4254,8903
XIAOXIANG 3,4652,4255,8907
FORMOSAT7-1/COSMIC2-1,4653,4256,8909
COSMOS 1818 COOLANT,3564,5345,8909
SPACEBEE-93,4669,4241,8910
OBJECT E,4264,4647,8911
IRIDIUM 167,3567,5346,8913
XJS G,5364,3549,8913
ORBCOMM FM 24,3562,5352,8914
SL-8 R/B,3568,5347,8915
HSAT,5376,3539,8915
FLOCK 3P 42,5365,3551,8916
LEMUR 2 ANGELA,5377,3540,8917
IRIDIUM 4,3570,5348,8918
SHIJIAN 6 05A (SJ-6 05A),5373,3545,8918
OSCAR 15 (UOSAT 4),3571,5349,8920
FLOCK 4V 4,4656,4266,8922
FLOCK 3PP 3,4754,4170,8924
AEROCUBE 12B,5370,3556,8926
COSMOS 1818 COOLANT,3573,5353,8926
COSMOS 1867 COOLANT,3572,5355,8927
OSCAR 17 (DOVE),3576,5357,8933
OBJECT AB,4753,4181,8934
LEMUR 2 BEAUDACIOUS,4755,4183,8938
FLOCK 3P 83,5347,3592,8939
OBJECT E,4681,4261,8942
IRIDIUM 134,3585,5358,8943
FLOCK 3P 49,4760,4184,8944
COSMOS 1867 COOLANT,3582,5362,8944
OBJECT K,4666,4278,8944
ONEWEB-0402,5378,3567,8945
COSMOS 1867 COOLANT,3588,5359,8947
FLOCK 3R 2,5379,3569,8948
IRIDIUM 164,3590,5360,8950
COSMOS 1371,3586,5366,8952
COSMOS 1818 COOLANT,3591,5361,8952
COSMOS 1818 COOLANT,3587,5367,8954
CARTOSAT 3,4778,4178,8956
OPS 6226,3589,5368,8957
LISHUI 1-01,4777,4187,8964
NUSAT-20 (GRACE),5352,3612,8964
ORBCOMM FM 3,3597,5369,8966
D STAR ONE (EXOCONNECT),4673,4293,8966
IRIDIUM 153,3603,5364,8967
ORBCOMM FM 27,3598,5370,8968
IRIDIUM 104,3604,5365,8969
IRIDIUM 103,3599,5371,8970
FLOCK 3P 25,5384,3589,8973
AMSAT ECHO,3607,5372,8979
XW-3 (CAS 9),3608,5373,8981
ELECTRON KICK STAGE R/B,3609,5374,8983
YAOGAN 6,5349,3635,8984
BRO-2,4782,4202,8984
OBJECT D,4779,4205,8984
ORBCOMM FM 35,3610,5375,8985
HEALTHSAT 1,3611,5376,8987
FLOCK 3P 33,4784,4204,8988
FLOCK 3P 31,4785,4206,8991
SPARTAN,4692,4299,8991
ONEWEB-0398,5393,3598,8991
CZ-4C R/B,5381,3611,8992
NUSAT-16 LISE,5394,3599,8993
COSMOS 1867 COOLANT,3618,5377,8995
FLOCK 2P 4,5395,3600,8995
PSLV R/B,5396,3601,8997
SIMBA,4646,4352,8998
EOLE 1 (CAS-A),3621,5382,9003
DELTA 2 R/B,4794,4210,9004
TIROS 5,3626,5385,9011
LEMUR 2 XUENITERENCE,4797,4215,9012
OBJECT A,4791,4221,9012
QMR-KWT,4694,4318,9012
OBJECT H,4798,4216,9014
OBJECT C,4804,4227,9031
OBJECT P,4705,4334,9039
DEMOSAT 2,4802,4238,9040
SPACEBEE-3,5399,3641,9040
FLOCK 3K 6,5374,3666,9040
TIANZHI 1,4803,4239,9042
SPACEBEE-1,5412,3634,9046
FLOCK 3P 71,5415,3639,9054
ANGELS,4706,4348,9054
SPACEBEE-81,4813,4264,9077
FLOCK 3P 76,5382,3699,9081
SPACEBEE-32,4814,4268,9082
STARLINK-3151,5383,3700,9083
COSMOS 1340,4824,4265,9089
FLOCK 3P 13,5404,3685,9089
SL-3 R/B,5427,3663,9090
ONEWEB-0404,5428,3665,9093
FLOCK 3M 4,4825,4272,9097
ONEWEB-0395,5429,3670,9099
DIAMOND RED,4833,4271,9104
SPACEBEE-78,4831,4274,9105
ICEYE-X8,4707,4402,9109
LEMUR 2 CARLSANTAMARI,4710,4410,9120
REAKTOR HELLO WORLD,5388,3733,9121
TIANQI-11,4835,4287,9122
LEMUR 2 TACHIKOMA,5389,3734,9123
SL-12 R/B(AUX MOTOR),5398,3727,9125
QUBESCOUT-S1,4328,4797,9125
SPACEBEE-60,4709,4418,9127
LEMUR 2 MCCAFFERTY,4829,4304,9133
TSINGHUA SCIENCE,4841,4294,9135
OBJECT E,4716,4419,9135
TIANHUI 1-04,4830,4305,9135
STARLINK-1881,5402,3737,9139
PEGASUS R/B,4719,4424,9143
CELESTIS 17/SHERPA-FX1,4723,4420,9143
CAPELLA-2,4720,4425,9145
SPACEBEE-56,4724,4421,9145
CAPELLA-6 (WHITNEY),4341,4806,9147
ARCE-1C,4718,4431,9149
DIAMOND GREEN,4852,4300,9152
LKW-4,4844,4309,9153
OBJECT A,4847,4307,9154
FLOCK 3PP 4,4845,4310,9155
FLOCK 3P 2,4853,4303,9156
SPACEBEE-63,4727,4430,9157
FLOCK 4A 11,4843,4317,9160
FLOCK 3P 46,5413,3749,9162
FLOCK 3P 70,5414,3750,9164
FLOCK 2P 5,5457,3708,9165
SPACEBEE-10,4730,4437,9167
OBJECT BC,4731,4442,9173
TYVAK-0171,4729,4445,9174
SPACEBEE-14,4732,4443,9175
FLOCK 4S 21,4736,4439,9175
FLOCK 3P 12,5416,3762,9178
NUSAT 4,4855,4324,9179
RISESAT,4857,4322,9179
CHUBUSAT 1,4860,4320,9180
FLOCK 3P 64,5420,3760,9180
XW-2E,4856,4325,9181
OBJECT H,4738,4444,9182
KEPLER-10 (BABY YODA),4734,4453,9187
SHIELDS 1,4867,4323,9190
FLOCK 4S 9,4737,4456,9193
OBJECT AA,4858,4336,9194
PROMETHEUS 2-8,5454,3744,9198
ZY 3 2,4864,4335,9199
BREEZE-KM R/B,4872,4330,9202
COSMOS 1626,4874,4331,9205
FLOCK 3R 1,5432,3773,9205
LEMUR 2 JOHANLORAN,5433,3774,9207
SPACEBEE-86,4870,4339,9209
KAITUO 1A,4741,4471,9212
SPACEBEE-85,4868,4346,9214
FLOCK 4S 2,4748,4467,9215
OBJECT G,4744,4473,9217
MANDRAKE 2 ABLE,4750,4468,9218
ASTROCAST-0203,4751,4469,9220
BLUEWALKER 1,4881,4342,9223
IRIDIUM 2,4887,4340,9227
FLOCK 4S 7,4745,4482,9227
SPACEBEE-24,4871,4359,9230
FLOCK 3P 51,5452,3781,9233
FLOCK 4S 27,4746,4490,9236
COSMOS 1455,4873,4364,9237
OBJECT DQ,4747,4491,9238
LKW-2,4875,4365,9240
ASTRO E2,4876,4366,9242
OBJECT C,4883,4360,9243
SPACEBEE-26,4877,4367,9244
FLOCK 3M 3,4886,4361,9247
STARLINK-1902,4752,4497,9249
FLOCK 3P 39,4894,4358,9252
HETE 2,4756,4498,9254
CUBEL,4769,4485,9254
FLOCK 4S 14,4770,4486,9256
CZ-4B R/B,4758,4499,9257
STARLINK-3133,5455,3802,9257
FLOCK 4P 11,4901,4357,9258
ASTROCAST-0104,4771,4487,9258
ION SCV-003,4749,4509,9258
FLOCK 4S 10,4772,4488,9260
STARLINK-3120,5458,3803,9261
SHIYAN 6 (SY-6),4891,4371,9262
D2/ATLACOM-1,4773,4489,9262
OBJECT H,4759,4504,9263
ELECTRON KICK STAGE R/B,4892,4372,9264
SOMP,4897,4369,9266
OBJECT G,4763,4512,9275
JILIN-01 GAOFEN 3F,4764,4513,9277
FLOCK 3K 12,5466,3813,9279
SPACEBEE-103,4766,4514,9280
EPSILON R/B,5476,3806,9282
SUNSTORM,4767,4516,9283
FLOCK 3P 28,5477,3808,9285
FLOCK 3R 4,5461,3824,9285
LEMUR 2 DULY,5463,3822,9285
OBJECT C,4909,4376,9285
FLOCK 4P 12,4781,4505,9286
XINGYUN-2 01,4435,4851,9286
NUSAT-22 (SOFYA),5465,3821,9286
EXPLORER 11,5462,3825,9287
XIAOXIANG 1-08,5479,3810,9289
FLOCK 4S 40,4783,4506,9289
ULTP,5464,3826,9290
FLOCK 4A 10,4911,4380,9291
FLOCK 4P 1,4776,4515,9291
IRIDIUM 921,4774,4519,9293
ICESAT-2,4917,4383,9300
ICEYE-X1,4908,4400,9308
LEMUR 2 ANUBHAVTHAKUR,4919,4390,9309
FLOCK 3R 5,5471,3838,9309
FLOCK 4A 6,4924,4386,9310
SPACEBEENZ-8,4787,4523,9310
FLOCK 3P 45,5472,3839,9311
SL-3 R/B,4925,4387,9312
CZ-2C R/B,5473,3840,9313
OBJECT L,4921,4393,9314
OBJECT M,5474,3845,9319
FLOCK 4S 11,4790,4529,9319
LEMUR 2 ETHANOAKES,4792,4532,9324
FLOCK 4S 34,4793,4533,9326
OBJECT D,4915,4411,9326
FLOCK 4P 5,4922,4409,9331
CE-SAT 1,4944,4389,9333
FLOCK 3P 47,5480,3854,9334
SPACEBEENZ-7,4795,4540,9335
PUJIANG 1 (PJ-1),5470,3867,9337
SHANNON,4796,4541,9337
FLOCK 3P 35,5482,3856,9338
AEROCUBE 11-R3,4801,4545,9346
SPACEBEE-91,4799,4548,9347
FLOCK 3K 1,5483,3871,9354
FLOCK 4S 19,4805,4551,9356
COSMOS 1908,4808,4553,9361
ATHENA,4812,4549,9361
ONEWEB-0424,5492,3870,9362
PEARL WHITE 1,4809,4554,9363
LEMUR 2 BROWNCOW,5486,3882,9368
TYVAK 53B,5478,3892,9370
CICERO 8,5487,3883,9370
XJS A,5493,3880,9373
SJ-7,4489,4885,9374
STARLINK-3153,5481,3896,9377
STARLINK-3112,5494,3884,9378
STARLINK-3146,5490,3889,9379
FLOCK 2P 3,5488,3895,9383
LEMUR 2 WINGO,5484,3900,9384
CZ-2D R/B,4815,4569,9384
KSM1-B,4494,4890,9384
FLOCK 3P 20,5489,3899,9388
FLOCK 3P 40,5485,3906,9391
TELEOS 1,4819,4573,9392
HIBER-4,4821,4574,9395
VELOX C1,4823,4575,9398
MANDRAKE 2 BAKER,4822,4576,9398
FLOCK 4S 44,4820,4580,9400
FLOCK 3P 24,5491,3910,9401
FLOCK 3P 60,4971,4435,9406
XJS F,5499,3909,9408
FLOCK 4V 23,4826,4585,9411
FLOCK 4V 3,4827,4586,9413
ONEWEB-0390,5502,3912,9414
FLOCK 4EP 6,4832,4584,9416
LAUNCHERONE R/B,5503,3913,9416
SWARM B,4970,4447,9417
FLOCK 3K 3,5497,3921,9418
XJS H,5501,3917,9418
GAOFEN 8,4959,4461,9420
H-2A R/B,4800,4624,9424
FLOCK 3P 23,4960,4464,9424
GNOMES-2,4834,4591,9425
FLOCK 4S 45,4836,4593,9429
LEMUR 2 ANNABANANA,4837,4594,9431
STARLINK-3135,5498,3933,9431
ZHUHAI-1 OHS-01,4974,4460,9434
FLOCK 4S 12,4839,4595,9434
PACE-1,4838,4598,9436
STORK-5 (MARTA),4840,4597,9437
GHGSAT-C2,4846,4596,9442
GLOBAL-1,4986,4463,9449
JIADING 1,4987,4465,9452
LEMUR 2 EJATTA,4850,4603,9453
LEMUR 2 MERIMA,4851,4604,9455
STARLINK-3131,5504,3952,9456
STARLINK-1885,5512,3945,9457
LEMUR 2 TALLHAMN-ATC,4849,4609,9458
XJS C,5500,3958,9458
ONEWEB-0405,5505,3955,9460
FARADAY_PHOENIX,4854,4607,9461
STARLINK-1339,5506,3956,9462
FLOCK 3R 3,5513,3950,9463
KEPLER-1 (CASE),5507,3957,9464
MINOTAUR 4 R/B,5514,3951,9465
STARLINK-3139,5515,3953,9468
FLOCK 3K 4,5510,3965,9475
FLOCK 3P 6,5509,3969,9478
ICEYE-X11,4865,4618,9483
SPACEBEE-79,4992,4492,9484
TYVAK-61C,4993,4494,9487
SPACEBEE-37,4994,4496,9490
LITUANICASAT 2,5003,4502,9505
HODOYOSHI 1,5007,4501,9508
XJS E,5523,3990,9513
STRIX-ALPHA,5014,4500,9514
FLOCK 3P 43,5524,3995,9519
STARLINK-1353,4890,4631,9521
FLOCK 3P 86,5522,4002,9524
FLOCK 3P 34,5520,4006,9526
LEMUR 2 OZARAK,4568,4959,9527
FLOCK 3P 16,5521,4008,9529
PROMETHEUS 2-11,5516,4013,9529
MVL 300,5517,4016,9533
XJS B,5518,4017,9535
ONEWEB-0412,5519,4018,9537
TIANQI-5,5020,4522,9542
OBJECT S,5026,4520,9546
GUNSMOKE-J 2,5024,4524,9548
OBJECT B,5037,4521,9558
FLOCK 3K 7,5525,4035,9560
CORVUS BC3,5035,4534,9569
SPACEBEE-51,4920,4654,9574
AO-109,5048,4536,9584
SPACEBEE-84,5049,4544,9593
FLOCK 4S 25,4933,4664,9597
IDEASSAT,4934,4665,9599
EXOCUBE 2,4937,4668,9605
ARCE-1B,4938,4669,9607
OBJECT E,4935,4672,9607
SPACEBEE-108,4882,4726,9608
FLOCK 4EP 7,4936,4673,9609
GAOFEN 11 3,4939,4670,9609
QPS-SAR-2 IZANAMI,4940,4674,9614
FLOCK 3P 57,5529,4087,9616
AFOTEC-1,5067,4563,9630
SPACEBEE-35,5070,4560,9630
STARLINK-3147,5532,4123,9655
GOMX4-A,5079,4577,9656
DIAMOND BLUE,5080,4578,9658
ASTRA SATELLITE 00001,5084,4581,9665
XJS D,5541,4126,9667
TANSUO 1,4633,5054,9687
SL-4 R/B,5556,4217,9773
KEPLER-6 (ROCINANTE),4682,5092,9774
OBJECT B,4688,5102,9790
SPACEBEE-105,5031,4805,9836
OBJECT C,4722,5146,9868
HAWK-2B,5058,4813,9871
JILIN-01 GAOFEN 3C,4725,5147,9872
STARLINK-2543,4721,5151,9872
STARLINK-2251,4733,5158,9891
OBJECT G,4757,5180,9937
OBJECT U,4775,5190,9965
SL-19 R/B,4895,5246,10141
CAPELLA-3 (WHITNEY),5228,4967,10195
LEMUR 2 SCHMIDTFALL,5311,5067,10378
LEMUR 2 PAPPY,5145,5303,10448
OBJECT V,5146,5308,10454
JILIN-01 KUANFU 01,5157,5315,10472
SL-3 R/B,5176,5343,10519
OBJECT W,5186,5354,10540
OBJECT AD,5194,5356,10550
KEPLER-0 (KIPP),5397,5159,10556
SPACEBEE-5,5207,5378,10585
DELFI C3,5208,5379,10587
CHALLENGEONE,5209,5380,10589
OBJECT X,5212,5381,10593
LEMUR 2 JPGSQUARED,5214,5383,10597
STARLINK-1391,5220,5386,10606
STARLINK-1016,5221,5387,10608
OBJECT K,5226,5388,10614
MYRIOTA 7 (TYVAK-0152),5227,5390,10617
STARLINK-1338,5229,5394,10623
STARLINK-2334,5231,5395,10626
ELSA-D,5232,5396,10628
STARLINK-2358,5233,5397,10630
STARLINK-1602,5234,5398,10632
STARLINK-2346,5236,5399,10635
STARLINK-2447,5239,5400,10639
STARLINK-2494,5241,5401,10642
STARLINK-1877,5242,5402,10644
STARLINK-1780,5243,5403,10646
STARLINK-1046,5244,5404,10648
STARLINK-2356,5245,5405,10650
STARLINK-1139,5246,5406,10652
STARLINK-2654,5251,5407,10658
STARLINK-2389,5252,5408,10660
STARLINK-1614,5262,5409,10671
STARLINK-1287,5263,5410,10673
STARLINK-2485,5264,5411,10675
STARLINK-1851,5265,5412,10677
STARLINK-2278,5267,5413,10680
STARLINK-1822,5268,5414,10682
STARLINK-2686,5269,5415,10684
STARLINK-2154,5278,5416,10694
STARLINK-1854,5279,5417,10696
STARLINK-2641,5289,5419,10708
STARLINK-2323,5290,5420,10710
STARLINK-1103,5291,5421,10712
STARLINK-2327,5296,5423,10719
STARLINK-1107,5297,5424,10721
STARLINK-1689,5300,5425,10725
STARLINK-1693,5302,5426,10728
STARLINK-1399,5303,5427,10730
STARLINK-1461,5304,5428,10732
STARLINK-1035,5308,5430,10738
STARLINK-1984,5309,5431,10740
STARLINK-2698,5310,5432,10742
STARLINK-2257,5316,5433,10749
STARLINK-2605,5317,5434,10751
STARLINK-1083,5318,5435,10753
STARLINK-2041,5328,5439,10767
STARLINK-2189,5329,5440,10769
STARLINK-2049,5330,5441,10771
STARLINK-2299,5331,5442,10773
STARLINK-1498,5332,5443,10775
STARLINK-1289,5333,5444,10777
STARLINK-1215,5334,5445,10779
STARLINK-1466,5335,5446,10781
STARLINK-2383,5337,5447,10784
STARLINK-2001,5338,5448,10786
STARLINK-1627,5339,5449,10788
STARLINK-1489,5343,5451,10794
STARLINK-2412,5345,5452,10797
STARLINK-2046,5346,5453,10799
STARLINK-2342,5350,5454,10804
STARLINK-1237,5351,5455,10806
KEPLER-7 (C3PO),5353,5456,10809
STARLINK-2429,5356,5457,10813
STARLINK-2555,5357,5458,10815
STARLINK-1907,5358,5459,10817
STARLINK-1611,5359,5460,10819
STARLINK-1263,5360,5461,10821
STARLINK-1538,5361,5462,10823
STARLINK-1460,5362,5463,10825
STARLINK-1294,5363,5464,10827
STARLINK-1750,5367,5465,10832
STARLINK-1526,5368,5466,10834
STARLINK-2439,5369,5467,10836
KEPLER-11 (DANEEL),5562,5277,10839
STARLINK-2732,5375,5469,10844
OSM-1 CICERO,5563,5285,10848
STARLINK-2738,5380,5470,10850
STARLINK-2194,5385,5471,10856
STARLINK-2031,5386,5472,10858
STARLINK-1515,5387,5473,10860
STARLINK-1670,5390,5474,10864
STARLINK-2436,5391,5475,10866
STARLINK-1664,5392,5476,10868
KSF1-C,5578,5294,10872
STARLINK-2359,5400,5477,10877
STARLINK-2606,5401,5478,10879
STARLINK-2077,5403,5479,10882
STARLINK-1119,5405,5480,10885
STARLINK-2188,5406,5481,10887
STARLINK-1981,5407,5482,10889
STARLINK-2117,5408,5483,10891
STARLINK-1735,5409,5484,10893
STARLINK-2725,5410,5485,10895
STARLINK-2151,5411,5486,10897
STARLINK-1640,5417,5488,10905
STARLINK-1183,5419,5487,10906
ICEYE-X4,5418,5489,10907
STARLINK-2497,5421,5491,10912
JILIN-01 GAOFEN 2B,5422,5492,10914
STARLINK-2476,5423,5493,10916
STARLINK-1887,5424,5494,10918
STARLINK-2617,5425,5495,10920
STARLINK-1261,5426,5496,10922
STARLINK-2098,5430,5497,10927
STARLINK-1423,5431,5498,10929
STARLINK-1174,5434,5499,10933
STARLINK-2532,5435,5500,10935
STARLINK-1739,5436,5501,10937
CANX-7,5437,5502,10939
STARLINK-2527,5438,5503,10941
STARLINK-1421,5439,5504,10943
STARLINK-1324,5440,5505,10945
STARLINK-2003,5441,5506,10947
STARLINK-2368,5442,5507,10949
STARLINK-1295,5443,5508,10951
STARLINK-1449,5444,5509,10953
STARLINK-1540,5445,5510,10955
STARLINK-2150,5446,5511,10957
STARLINK-1066,5447,5512,10959
STARLINK-1390,5448,5513,10961
STARLINK-2248,5449,5514,10963
STARLINK-2602,5450,5515,10965
STARLINK-1169,5451,5516,10967
OBJECT R,5453,5517,10970
STARLINK-1561,5456,5519,10975
STARLINK-2032,5459,5520,10979
STARLINK-1008,5460,5521,10981
ICEYE-X6,5467,5523,10990
STARLINK-2580,5468,5524,10992
STARLINK-2252,5469,5525,10994
STARLINK-2166,5475,5526,11001
STARLINK-2012,5495,5530,11025
STARLINK-1226,5496,5531,11027
STARLINK-2076,5508,5532,11040
STARLINK-2495,5511,5533,11044
STARLINK-2435,5526,5535,11061
STARLINK-2528,5527,5537,11064
STARLINK-1410,5528,5538,11066
STARLINK-1100,5530,5540,11070
STARLINK-1807,5531,5541,11072
OBJECT AC,5533,5542,11075
NETSAT-4,5534,5543,11077
STARLINK-2384,5535,5544,11079
STARLINK-2308,5536,5545,11081
STARLINK-1872,5537,5547,11084
COSMOS 1782,5538,5548,11086
STARLINK-1303,5539,5549,11088
FALCON 9 R/B,5540,5550,11090
STARLINK-2687,5542,5552,11094
STARLINK-2131,5543,5553,11096
STARLINK-1699,5544,5554,11098
STARLINK-1216,5545,5555,11100
STARLINK-2325,5546,5556,11102
STARLINK-1365,5547,5557,11104
STARLINK-2748,5548,5558,11106
STARLINK-2591,5549,5559,11108
STARLINK-2621,5550,5561,11111
STARLINK-2354,5551,5562,11113
STARLINK-2401,5552,5563,11115
STARLINK-1581,5553,5564,11117
STARLINK-2540,5554,5565,11119
STARLINK-2421,5555,5566,11121
ICEYE-X9,5557,5567,11124
STARLINK-1126,5733,5392,11125
STARLINK-2503,5558,5568,11126
STARLINK-1955,5559,5569,11128
STARLINK-1832,5560,5570,11130
STARLINK-1633,5561,5571,11132
STARLINK-1292,5565,5572,11137
OBJECT D,5566,5573,11139
STARLINK-2739,5570,5574,11144
SWIFT,5571,5575,11146
STARLINK-2752,5572,5576,11148
STARLINK-3228,5573,5577,11150
STARLINK-1448,5575,5578,11153
RISAT 1,5576,5579,11155
OKEAN 1,5574,5582,11156
STARLINK-1850,5577,5580,11157
STARLINK-1932,5579,5581,11160
STARLINK-2133,5564,5600,11164
STARLINK-1810,5581,5584,11165
STARLINK-1769,5583,5585,11168
LEMUR-2-SUSURRUS,5582,5587,11169
STARLINK-2272,5580,5589,11169
STARLINK-1467,5584,5586,11170
STARLINK-2422,5590,5588,11178
STARLINK-2026,5567,5612,11179
STARLINK-1464,5568,5614,11182
OBJECT AG,5589,5594,11183
STARLINK-2743,5569,5615,11184
STARLINK-1109,5591,5595,11186
STARLINK-1890,5596,5591,11187
STARLINK-2004,5592,5596,11188
STARLINK-1597,5599,5590,11189
STARLINK-1654,5597,5592,11189
STARLINK-1009,5593,5597,11190
STARLINK-1725,5594,5598,11192
STARLINK-1131,5595,5599,11194
STARLINK-2477,5602,5593,11195
STARLINK-1034,5775,5422,11197
STARLINK-1011,5598,5603,11201
STARLINK-2086,5603,5602,11205
STARLINK-2633,5604,5601,11205
STARLINK-2652,5605,5604,11209
STARLINK-1604,5606,5605,11211
STARLINK-2463,5608,5607,11215
STARLINK-1302,5609,5608,11217
STARLINK-1348,5782,5436,11218
STARLINK-1334,5610,5609,11219
SPACEBEE-65,5783,5437,11220
BREEZE-KM R/B,5611,5613,11224
STARLINK-2550,5607,5619,11226
STARLINK-1838,5621,5606,11227
STARLINK-1206,5615,5616,11231
STARLINK-2536,5623,5611,11234
TAURUS R/B,5614,5622,11236
STARLINK-2733,5585,5654,11239
STARLINK-2709,5616,5623,11239
OBJECT F,5624,5617,11241
STARLINK-1625,5586,5655,11241
STARLINK-1041,5622,5620,11242
STARLINK-2707,5587,5656,11243
STARLINK-1136,5588,5657,11245
STARLINK-1523,5625,5621,11246
STARLINK-2014,5630,5618,11248
STARLINK-1265,5618,5632,11250
STARLINK-1106,5628,5625,11253
STARLINK-1362,5629,5626,11255
STARLINK-2170,5633,5624,11257
STARLINK-2068,5627,5631,11258
STARLINK-2487,5626,5633,11259
STARLINK-1203,5792,5468,11260
ELECTRON KICK STAGE R/B,5634,5627,11261
STARLINK-2190,5635,5628,11263
STARLINK-1826,5600,5665,11265
FLOCK 4S 16,5636,5629,11265
STARLINK-1299,5601,5666,11267
STARLINK-1472,5631,5636,11267
STARLINK-2050,5637,5630,11267
STARLINK-2321,5641,5637,11278
STARLINK-2002,5638,5641,11279
STARLINK-1217,5642,5638,11280
STARLINK-1193,5639,5642,11281
SOICAL (CYLINDER),5648,5634,11282
COSMOS 1953,5647,5635,11282
LEMUR 2 CHANTAL,5640,5643,11283
STARLINK-2330,5645,5639,11284
STARLINK-1246,5646,5640,11286
STARLINK-2714,5612,5674,11286
STARLINK-2301,5613,5675,11288
STARLINK-1798,5643,5648,11291
STARLINK-2296,5617,5676,11293
STARLINK-1090,5650,5644,11294
STARLINK-2048,5649,5647,11296
STARLINK-1531,5619,5678,11297
KEPLER-4 (ANTILLES),5654,5645,11299
STARLINK-1916,5620,5679,11299
KEPLER-5 (AMIDALA),5652,5649,11301
STARLINK-2586,5655,5646,11301
STARLINK-1793,5651,5659,11310
STARLINK-1151,5659,5652,11311
STARLINK-2428,5661,5651,11312
COSMOS 1862,5653,5660,11313
FLOCK 4V 11,5660,5653,11313
STARLINK-1022,5665,5650,11315
STARLINK-2352,5657,5658,11315
OBJECT C,5656,5661,11317
NETSAT-3,5632,5686,11318
STARLINK-1422,5658,5662,11320
STARLINK-2673,5662,5667,11329
XINGYUN-2 02,5663,5668,11331
STARLINK-2699,5644,5689,11333
LACUNASAT-2B,5671,5663,11334
STARLINK-2500,5664,5670,11334
STARLINK-1905,5666,5669,11335
KENT RIDGE 1,5820,5518,11338
STARLINK-2283,5676,5664,11340
STARLINK-2684,5668,5672,11340
STARLINK-2105,5669,5673,11342
STARLINK-3249,5673,5671,11344
SAUDISAT 5A,5667,5680,11347
STARLINK-1801,5670,5677,11347
STARLINK-2631,5674,5681,11355
STARLINK-1709,5675,5682,11357
STARLINK-2030,5679,5684,11363
LEMUR 2 THEODOSIA,5672,5693,11365
STARLINK-2249,5687,5683,11370
STARLINK-1926,5677,5694,11371
STARLINK-1690,5682,5690,11372
STARLINK-2309,5684,5688,11372
STARLINK-1155,5845,5528,11373
STARLINK-2303,5678,5695,11373
STARLINK-1736,5691,5685,11376
STARLINK-1882,5680,5696,11376
STARLINK-1661,5681,5697,11378
STARLINK-1758,5692,5687,11379
STARLINK-2496,5683,5698,11381
STARLINK-2392,5685,5699,11384
STARLINK-2565,5686,5700,11386
STARLINK-2347,5695,5692,11387
STARLINK-1436,5688,5701,11389
STARLINK-1964,5698,5691,11389
STARLINK-1213,5689,5702,11391
STARLINK-1813,5690,5703,11393
ASTROCAST-0102,5693,5704,11397
STARLINK-2685,5694,5705,11399
STARLINK-2643,5696,5706,11402
LEMUR 2 HIMOMANDDAD,5697,5707,11404
STARLINK-1120,5699,5708,11407
QPS-SAR-1 IZANAGI,5700,5709,11409
STARLINK-1727,5701,5710,11411
STARLINK-1525,5702,5711,11413
STARLINK-1259,5703,5712,11415
STARLINK-2367,5704,5713,11417
STARLINK-1393,5705,5714,11419
STARLINK-2134,5706,5715,11421
STARLINK-2377,5711,5716,11427
STARLINK-2482,5707,5721,11428
STARLINK-1196,5712,5717,11429
STARLINK-2006,5708,5723,11431
STARLINK-2490,5713,5718,11431
STARLINK-1394,5714,5719,11433
STARLINK-1559,5715,5720,11435
STARLINK-1232,5716,5724,11440
STARLINK-2691,5709,5731,11440
STARLINK-1256,5717,5725,11442
STARLINK-1761,5710,5732,11442
STARLINK-1953,5718,5726,11444
STARLINK-2355,5719,5727,11446
STARLINK-1631,5720,5728,11448
PSLV R/B,5721,5729,11450
STARLINK-1488,5729,5722,11451
STARLINK-1529,5722,5730,11452
STARLINK-1015,5723,5735,11458
STARLINK-1719,5727,5733,11460
STARLINK-1194,5724,5737,11461
SL-3 R/B,5728,5734,11462
STARLINK-1032,5725,5738,11463
STARLINK-1694,5726,5739,11465
STARLINK-1497,5734,5736,11470
STARLINK-1921,5730,5740,11470
STARLINK-1125,5731,5741,11472
STARLINK-1274,5732,5742,11474
STARLINK-1499,5735,5743,11478
STARLINK-1647,5736,5744,11480
STARLINK-2751,5737,5745,11482
STARLINK-2000,5738,5749,11487
STARLINK-2406,5739,5750,11489
STARLINK-1476,5745,5747,11492
STARLINK-2735,5740,5755,11495
STARLINK-2740,5741,5756,11497
STARLINK-1085,5916,5583,11499
STARLINK-2042,5748,5751,11499
STARLINK-1306,5742,5758,11500
STARLINK-1828,5749,5752,11501
STARLINK-1802,5743,5759,11502
STARLINK-2225,5750,5753,11503
STARLINK-1038,5744,5760,11504
ASTRO H,5751,5754,11505
STARLINK-1944,5753,5757,11510
STARLINK-2545,5755,5761,11516
STARLINK-1133,5746,5771,11517
FLOCK 4V 12,5756,5762,11518
STARLINK-1235,5747,5772,11519
CZ-4C R/B,5757,5763,11520
STARLINK-2589,5758,5764,11522
STARLINK-2462,5759,5765,11524
STARLINK-1616,5760,5767,11527
STARLINK-1648,5761,5766,11527
STARLINK-3242,5917,5610,11527
UNISAT 7,5752,5776,11528
STARLINK-2695,5762,5768,11530
HIBER-3,5754,5777,11531
STARLINK-2763,5763,5769,11532
VANGUARD R/B,5764,5770,11534
STARLINK-2398,5765,5773,11538
FLOCK 4S 28,5769,5774,11543
STARLINK-2315,5768,5775,11543
STARLINK-2324,5766,5779,11545
STARLINK-1202,5767,5780,11547
STARLINK-1089,5770,5785,11555
STARLINK-1112,5771,5786,11557
STARLINK-1325,5772,5787,11559
STARLINK-2298,5773,5788,11561
STARLINK-2274,5779,5783,11562
STARLINK-1812,5774,5789,11563
STARLINK-1450,5776,5791,11567
STARLINK-1205,5777,5792,11569
STARLINK-1373,5778,5793,11571
STARLINK-2520,5785,5790,11575
STARLINK-2413,5780,5796,11576
STARLINK-1584,5781,5797,11578
STARLINK-2147,5784,5795,11579
STARLINK-2484,5786,5799,11585
COSMOS 1328,5787,5800,11587
STARLINK-1997,5790,5798,11588
STARLINK-2607,5788,5801,11589
STARLINK-2185,5789,5802,11591
STARLINK-2446,5791,5803,11594
STARLINK-2706,5793,5804,11597
STARLINK-2620,5794,5806,11600
JILIN-01 GAOFEN 3D,5795,5807,11602
STARLINK-2697,5797,5805,11602
STARLINK-2448,5796,5808,11604
STARLINK-2622,5798,5809,11607
STARLINK-1240,5800,5812,11612
STARLINK-2099,5799,5814,11613
STARLINK-1371,5801,5813,11614
STARLINK-1596,5809,5810,11619
STARLINK-2375,5805,5815,11620
STARLINK-1468,5810,5811,11621
STARLINK-1312,5806,5816,11622
STARLINK-2505,5802,5820,11622
TYVAK-0092,5803,5821,11624
STARLINK-1082,5807,5817,11624
STARLINK-2376,5804,5822,11626
STARLINK-2466,5808,5823,11631
STARLINK-2517,5811,5826,11637
STARLINK-1714,5812,5827,11639
LEMUR 2 JINDRA,5813,5828,11641
AMICALSAT,5819,5824,11643
STARLINK-1963,5814,5829,11643
STARLINK-2183,5826,5818,11644
STARLINK-2219,5815,5830,11645
STARLINK-1400,5827,5819,11646
STARLINK-2097,5816,5831,11647
STARLINK-1366,5823,5825,11648
STARLINK-2052,5817,5832,11649
STARLINK-2521,5818,5833,11651
LEMUR 2 WALLACE,5821,5836,11657
STARLINK-1713,5822,5837,11659
STARLINK-1931,5828,5834,11662
STARLINK-2757,5824,5838,11662
STARLINK-1227,5829,5835,11664
STARLINK-2232,5825,5839,11664
STARLINK-1766,5830,5842,11672
STARLINK-2515,5831,5845,11676
STARLINK-2175,5836,5841,11677
STARLINK-2235,5834,5843,11677
NAPA-1,5932,5746,11678
STARLINK-2040,5832,5846,11678
STARLINK-2542,5833,5847,11680
OBJECT K,5936,5748,11684
CENTAURI-3(TYVAK-0210),5837,5849,11686
STARLINK-1641,5835,5852,11687
STARLINK-1490,5838,5855,11693
STARLINK-1522,5839,5854,11693
STARLINK-1764,5840,5856,11696
STARLINK-1412,5848,5850,11698
STARLINK-2753,5841,5857,11698
PEGASUS R/B,5842,5858,11700
STARLINK-2374,5849,5851,11700
STARLINK-1583,5843,5859,11702
STARLINK-1755,5850,5853,11703
STARLINK-1480,5844,5860,11704
STARLINK-2493,5846,5861,11707
STARLINK-1444,5847,5862,11709
CELESTIS 03/TAURUS R/B,5939,5778,11717
STARLINK-1876,5851,5868,11719
LEMUR 2 MORAG,5940,5781,11721
STARLINK-1505,5852,5869,11721
STARLINK-1453,5853,5870,11723
JILIN-01 GAOFEN 3B,5941,5782,11723
FLOCK 4S 41,5856,5867,11723
STARLINK-1548,5854,5871,11725
STARLINK-1326,5942,5784,11726
STARLINK-1588,5863,5863,11726
STARLINK-2027,5855,5872,11727
STARLINK-1320,5857,5873,11730
BCCSAT-1,5858,5874,11732
STARLINK-1808,5859,5875,11734
ASTROCAST-0105,5871,5865,11736
DOVE 2,5943,5794,11737
STARLINK-2390,5860,5877,11737
LEMUR-2-SLICERS,5872,5866,11738
COSMOS 2543,5861,5878,11739
STARLINK-1595,5862,5880,11742
STARLINK-1165,5864,5879,11743
STARLINK-2357,5865,5881,11746
STARLINK-1748,5866,5884,11750
STARLINK-1411,5867,5885,11752
STARLINK-1688,5878,5876,11754
STARLINK-2328,5868,5886,11754
OBJECT E,5873,5882,11755
YARILO-1,5869,5887,11756
STARLINK-1173,5874,5883,11757
STARLINK-1605,5870,5888,11758
OBJECT C,5876,5889,11765
OBJECT BG,5875,5891,11766
STARLINK-1346,5877,5894,11771
STARLINK-2288,5879,5895,11774
STARLINK-2179,5880,5896,11776
OBJECT AJ,5881,5898,11779
STARLINK-2456,5889,5890,11779
STARLINK-2414,5882,5900,11782
STARLINK-1231,5884,5899,11783
STARLINK-2025,5883,5901,11784
STARLINK-1726,5895,5892,11787
STARLINK-1014,5886,5902,11788
STARLINK-1360,5896,5893,11789
STARLINK-1646,5885,5904,11789
OBJECT G,5887,5903,11790
3B5GSAT,5888,5905,11793
FLOCK 4S 30,5955,5840,11795
STARLINK-2498,5890,5907,11797
STARLINK-1114,5892,5906,11798
STARLINK-1149,5891,5908,11799
FLOCK 4V 8,5959,5844,11803
STARLINK-2363,5893,5910,11803
STARLINK-2237,5894,5911,11805
STARLINK-2155,5897,5909,11806
STARLINK-1181,5960,5848,11808
RIDESHARE ADAPTER,5898,5912,11810
OBJECT M,5899,5913,11812
STARLINK-1031,5900,5914,11814
STARLINK-1862,5901,5915,11816
STARLINK-2508,5902,5916,11818
OBJECT M,5903,5917,11820
FLOCK 4S 42,5904,5918,11822
STARLINK-2088,5905,5919,11824
STARLINK-2054,5906,5920,11826
STARLINK-2149,5964,5864,11828
STARLINK-1039,5907,5922,11829
STARLINK-1070,5908,5923,11831
STARLINK-1300,5909,5926,11835
STARLINK-2573,5910,5927,11837
STARLINK-1868,5915,5924,11839
STARLINK-1962,5911,5929,11840
ASTERISC,5912,5930,11842
STARLINK-2523,5913,5931,11844
JILIN-01-04,5914,5932,11846
STARLINK-2639,5918,5933,11851
KAIDUN 1,5919,5934,11853
STARLINK-1975,5920,5935,11855
STARLINK-1573,5921,5937,11858
STARLINK-1332,5922,5938,11860
LEMUR 2 JACKSON,5967,5897,11864
KOMPSAT 3A,5923,5944,11867
CAPELLA-1,5924,5946,11870
STARLINK-2229,5925,5947,11872
KEPLER-13 (LUCKY),5926,5948,11874
STARLINK-2221,5927,5949,11876
MEZNSAT,5928,5952,11880
SPACEBEE-50,5929,5953,11882
DMSAT-1,5930,5954,11884
STARLINK-2519,5931,5955,11886
STARLINK-2364,5933,5956,11889
DOT-1,5969,5921,11890
STARLINK-2064,5934,5957,11891
STARLINK-2198,5935,5958,11893
FLOCK 4S 46,5970,5925,11895
STARLINK-2489,5937,5959,11896
CHUBUSAT 3,5938,5960,11898
OBJECT E,5972,5928,11900
STARLINK-2314,5944,5965,11909
STARLINK-1180,5945,5966,11911
STARLINK-1860,5946,5967,11913
OBJECT D,5947,5968,11915
STARLINK-2502,5948,5969,11917
SPACEBEE-75,5982,5936,11918
OBJECT Q,5949,5970,11919
STARLINK-2284,5950,5971,11921
STARLINK-1069,5951,5972,11923
GUNSMOKE-J 3,5985,5939,11924
STARLINK-1262,5952,5973,11925
STARLINK-1858,5986,5940,11926
STARLINK-2092,5953,5974,11927
LEMUR 2 NEVA,5987,5941,11928
OBJECT L,5988,5942,11930
STARLINK-2575,5954,5976,11930
RAPIS-1,5989,5943,11932
OBJECT C,5990,5945,11935
STARLINK-2116,5956,5979,11935
STARLINK-1130,5957,5980,11937
STARLINK-1033,5958,5981,11939
STARLINK-1392,5961,5982,11943
FLOCK 4S 37,5994,5950,11944
STARLINK-1989,5962,5983,11945
OBJECT Z,5995,5951,11946
SL-14 R/B,5963,5984,11947
STARLINK-1582,5965,5985,11950
STARLINK-1361,5966,5986,11952
STARLINK-1341,5968,5989,11957
STARLINK-1283,5971,5990,11961
STARLINK-1720,5973,5991,11964
OBJECT J,6004,5961,11965
STARLINK-2749,5974,5992,11966
LEMUR 2 JOHN-TREIRES,6005,5962,11967
STARLINK-1927,5975,5993,11968
CENTAURI-4 (TYVAK-0211),6006,5963,11969
STARLINK-1247,5976,5995,11971
AYAN-21,6007,5964,11971
STARLINK-1179,5977,5996,11973
STARLINK-1010,5978,5997,11975
STARLINK-1166,5979,5998,11977
STARLINK-1941,5980,5999,11979
STARLINK-1239,5981,6000,11981
STARLINK-3252,5983,6003,11986
OBJECT N,5984,6005,11989
STORK-4,6015,5975,11990
ZHOU ENLAI,6022,5977,11999
STARLINK-1037,5991,6009,12000
STARLINK-2628,5992,6011,12003
SPACEBEE-101,6027,5978,12005
STARLINK-1946,5993,6013,12006
FLOCK 4S 39,5996,6014,12010
STARLINK-1122,5997,6015,12012
STARLINK-1999,5998,6016,12014
STARLINK-2492,5999,6019,12018
STARLINK-2722,6000,6020,12020
XR-1,6036,5987,12023
STARLINK-2156,6001,6022,12023
DOVE 4,6039,5988,12027
STARLINK-2562,6002,6026,12028
STARLINK-1776,6003,6028,12031
STARLINK-1636,6008,6030,12038
SL-3 R/B,6009,6031,12040
STARLINK-3246,6046,5994,12040
STARLINK-2444,6010,6032,12042
SPACEBEE-66,6011,6033,12044
STARLINK-2427,6012,6035,12047
STARLINK-2745,6013,6039,12052
ASTROCAST-0204,6052,6001,12053
STARLINK-2335,6014,6040,12054
STARLINK-1050,6053,6002,12055
SPACEBEE-68,6055,6004,12059
FIREBIRD 4,6016,6044,12060
STARLINK-1672,6017,6045,12062
STARLINK-2267,6056,6006,12062
STARLINK-2009,6018,6046,12064
STARLINK-1883,6019,6047,12066
OBJECT H,6059,6007,12066
TES,6060,6008,12068
STARLINK-2572,6020,6050,12070
STARLINK-2127,6021,6051,12072
SAUDISAT 5B,6023,6052,12075
STARLINK-2013,6065,6010,12075
STARLINK-2704,6024,6054,12078
STARLINK-1762,6025,6055,12080
TROPICS PATHFINDER,6068,6012,12080
STARLINK-1290,6026,6056,12082
STARLINK-1906,6028,6062,12090
SPACEBEE-107,6075,6017,12092
SPACEBEENZ-9,6076,6018,12094
STARLINK-1257,6029,6067,12096
QUANTUTONG 1,6082,6021,12103
STARLINK-1477,6030,6076,12106
SUPERVIEW-1 04,6085,6023,12108
STARLINK-3251,6031,6079,12110
SPACEBEENZ-10,6089,6024,12113
OBJECT D,6032,6084,12116
PLEM COVER,6033,6085,12118
SPACEBEE-109,6093,6025,12118
PEARL WHITE 2,6034,6086,12120
STARLINK-2271,6096,6027,12123
STARLINK-1396,6035,6090,12125
SPACEBEE-100,6098,6029,12127
STARLINK-1763,6037,6106,12143
STARLINK-1701,6038,6108,12146
STARLINK-1667,6118,6034,12152
STARLINK-1414,6040,6115,12155
STARLINK-2402,6119,6036,12155
STARLINK-2282,6120,6037,12157
STARLINK-1856,6121,6038,12159
STARLINK-1777,6122,6041,12163
FLOCK 4V 9,6041,6123,12164
OBJECT B,6042,6124,12166
STARLINK-1978,6124,6042,12166
STARLINK-1568,6043,6125,12168
STARLINK-1550,6125,6043,12168
STARLINK-1552,6044,6126,12170
STARLINK-2304,6045,6128,12173
STARLINK-1186,6126,6048,12174
STARLINK-1076,6127,6049,12176
STARLINK-1830,6047,6130,12177
STARLINK-1593,6131,6053,12184
STARLINK-1108,6132,6057,12189
STARLINK-1160,6134,6058,12192
SPACEBEE-67,6048,6144,12192
ODIN,6136,6059,12195
STARLINK-2571,6049,6146,12195
STARLINK-1781,6050,6147,12197
STARLINK-2197,6138,6060,12198
STARLINK-2310,6051,6148,12199
STARLINK-2378,6139,6061,12200
STARLINK-2343,6141,6063,12204
STARLINK-2385,6054,6151,12205
STARLINK-1433,6142,6064,12206
STARLINK-1585,6143,6065,12208
STARLINK-1910,6144,6066,12210
STARLINK-1159,6145,6068,12213
STARLINK-1788,6146,6069,12215
STARLINK-2587,6147,6070,12217
STARLINK-1124,6057,6162,12219
STARLINK-1790,6148,6071,12219
STARLINK-1111,6149,6072,12221
STARLINK-1296,6058,6163,12221
STARLINK-2626,6150,6073,12223
PSLV R/B,6152,6074,12226
STARLINK-1233,6153,6075,12228
STARLINK-2574,6155,6077,12232
STARLINK-2387,6156,6078,12234
STARLINK-2598,6061,6173,12234
STARLINK-1617,6062,6174,12236
STARLINK-2028,6157,6080,12237
STARLINK-1682,6063,6175,12238
STARLINK-2661,6158,6081,12239
STARLINK-1058,6159,6082,12241
STARLINK-2093,6064,6177,12241
STARLINK-2371,6160,6083,12243
STARLINK-1419,6066,6178,12244
STARLINK-1442,6162,6087,12249
STARLINK-2129,6163,6088,12251
STARLINK-2266,6067,6186,12253
STARLINK-2263,6164,6089,12253
STARLINK-2055,6069,6187,12256
STARLINK-1782,6168,6091,12259
OBJECT M,6169,6092,12261
STARLINK-2683,6070,6191,12261
STARLINK-1586,6071,6192,12263
STARLINK-2067,6170,6093,12263
STARLINK-2604,6171,6094,12265
STARLINK-2672,6072,6193,12265
STARLINK-2361,6172,6095,12267
STARLINK-2122,6073,6196,12269
STARLINK-2223,6173,6096,12269
STARLINK-2103,6174,6097,12271
STARLINK-1504,6175,6098,12273
STARLINK-1645,6074,6199,12273
STARLINK-2084,6176,6099,12275
STARLINK-2044,6177,6100,12277
STARLINK-2333,6178,6101,12279
STARLINK-2372,6179,6102,12281
STARLINK-1330,6180,6103,12283
STARLINK-1994,6181,6104,12285
STARLINK-2480,6077,6208,12285
STARLINK-2181,6183,6105,12288
STARLINK-2525,6078,6212,12290
STARLINK-1967,6185,6107,12292
STARLINK-2681,6079,6213,12292
STARLINK-2065,6080,6214,12294
STARLINK-2015,6081,6215,12296
STARLINK-1934,6188,6109,12297
STARLINK-1510,6189,6110,12299
STARLINK-1825,6190,6111,12301
STARLINK-2703,6083,6221,12304
STARLINK-1228,6193,6112,12305
FLOCK 4S 29,6084,6222,12306
STARLINK-2603,6194,6113,12307
STARLINK-1138,6195,6114,12309
STARLINK-2563,6196,6116,12312
STARLINK-2541,6197,6117,12314
STARLINK-2627,6198,6118,12316
STARLINK-1030,6199,6119,12318
STARLINK-1936,6200,6120,12320
STARLINK-1091,6086,6235,12321
STARLINK-1869,6201,6121,12322
STARLINK-1716,6087,6236,12323
STARLINK-2629,6202,6122,12324
STARLINK-1190,6088,6238,12326
STARLINK-2666,6090,6240,12330
SSU 3,6091,6241,12332
LEMUR 2 RUAIRI-EILIDH,6092,6243,12335
STARLINK-2690,6210,6127,12337
STARLINK-2124,6212,6129,12341
SPACEBEE-40,6094,6249,12343
STARLINK-2546,6213,6131,12344
STARLINK-2269,6214,6132,12346
STARLINK-2667,6095,6251,12346
STARLINK-2253,6215,6133,12348
STARLINK-1171,6216,6134,12350
STARLINK-1176,6217,6135,12352
STARLINK-2095,6097,6256,12353
STARLINK-2317,6218,6136,12354
STARLINK-1378,6219,6137,12356
STARLINK-2488,6099,6258,12357
STARLINK-1771,6220,6138,12358
FORMOSAT7-4/COSMIC2-4,6221,6139,12360
STARLINK-1258,6100,6260,12360
STARLINK-1911,6101,6261,12362
OBJECT H,6102,6262,12364
SPACEBEE-47,6226,6140,12366
STARLINK-2214,6103,6264,12367
STARLINK-1318,6227,6141,12368
SL-3 R/B,6104,6265,12369
STARLINK-1161,6228,6142,12370
CHUBUSAT 2,6105,6266,12371
STARLINK-2370,6106,6267,12373
STARLINK-1308,6232,6143,12375
MINOTAUR R/B,6108,6268,12376
STARLINK-1184,6107,6271,12378
YAM-2,6233,6145,12378
STARLINK-1909,6110,6269,12379
FLOCK 4S 6,6111,6270,12381
STARLINK-2533,6109,6272,12381
STARLINK-1789,6235,6149,12384
STARLINK-1297,6237,6150,12387
STARLINK-1270,6112,6278,12390
STARLINK-2430,6240,6152,12392
STARLINK-2192,6241,6153,12394
CZ-11 R/B,6245,6154,12399
STARLINK-1729,6246,6155,12401
DICE 2,6247,6156,12403
STARLINK-1012,6248,6157,12405
STARLINK-1224,6113,6292,12405
STARLINK-2478,6114,6293,12407
OBJECT B,6249,6158,12407
CZ-4B R/B,6115,6294,12409
STARLINK-2118,6250,6159,12409
STARLINK-2104,6116,6295,12411
STARLINK-1770,6252,6160,12412
STARLINK-1894,6253,6161,12414
STARLINK-2614,6117,6297,12414
STARLINK-1517,6255,6164,12419
STARLINK-1417,6256,6165,12421
STARLINK-1275,6257,6166,12423
STARLINK-1912,6259,6167,12426
STARLINK-1820,6260,6168,12428
STARLINK-2417,6261,6169,12430
STARLINK-1679,6262,6170,12432
STARLINK-2474,6263,6171,12434
STARLINK-1708,6264,6172,12436
STARLINK-2291,6123,6317,12440
STARLINK-2512,6266,6176,12442
STARLINK-1486,6267,6179,12446
STARLINK-2442,6268,6180,12448
STARLINK-2036,6269,6181,12450
STARLINK-2405,6270,6182,12452
STARLINK-1554,6272,6183,12455
STARLINK-2472,6275,6184,12459
STARLINK-1570,6276,6185,12461
STARLINK-1113,6128,6340,12468
STARLINK-1343,6281,6188,12469
STARLINK-1036,6129,6341,12470
STARLINK-2682,6282,6189,12471
STARLINK-2244,6283,6190,12473
STARLINK-1323,6130,6347,12477
STARLINK-1532,6284,6194,12478
STARLINK-1958,6285,6195,12480
STARLINK-2329,6287,6197,12484
STARLINK-1319,6288,6198,12486
STARLINK-2168,6290,6200,12490
STARLINK-2469,6133,6357,12490
STARLINK-2125,6291,6201,12492
STARLINK-2039,6292,6202,12494
STARLINK-1013,6135,6361,12496
STARLINK-1363,6293,6203,12496
STARLINK-1358,6294,6204,12498
STARLINK-1536,6295,6205,12500
STARLINK-2153,6296,6206,12502
STARLINK-1628,6137,6366,12503
STARLINK-2632,6297,6207,12504
STARLINK-2240,6301,6209,12510
STARLINK-2005,6306,6210,12516
STARLINK-2400,6307,6211,12518
STARLINK-1129,6140,6379,12519
STARLINK-2461,6314,6216,12530
STARLINK-2425,6315,6217,12532
STARLINK-1047,6316,6218,12534
STARLINK-1534,6317,6219,12536
STARLINK-1749,6318,6220,12538
STARLINK-1255,6319,6223,12542
STARLINK-1401,6320,6224,12544
W-CUBE,6321,6225,12546
STARLINK-2689,6322,6226,12548
STARLINK-2727,6323,6227,12550
STARLINK-1929,6324,6228,12552
STARLINK-2588,6325,6229,12554
STARLINK-1893,6151,6405,12556
STARLINK-2708,6326,6230,12556
STARLINK-1277,6327,6231,12558
STARLINK-1071,6329,6232,12561
STARLINK-2279,6154,6407,12561
STARLINK-1650,6330,6233,12563
STARLINK-1143,6331,6234,12565
STARLINK-1737,6334,6237,12571
STARLINK-2712,6335,6239,12574
STARLINK-1313,6161,6417,12578
STARLINK-1676,6337,6242,12579
STARLINK-1377,6340,6244,12584
STARLINK-2501,6341,6245,12586
STARLINK-1067,6342,6246,12588
STARLINK-2680,6344,6247,12591
STARLINK-1998,6347,6248,12595
STARLINK-1115,6349,6250,12599
STARLINK-2143,6350,6252,12602
STARLINK-1845,6352,6253,12605
STARLINK-1142,6353,6254,12607
STARLINK-1344,6354,6255,12609
STARLINK-1697,6358,6257,12615
STARLINK-1063,6165,6451,12616
STARLINK-1576,6166,6453,12619
NORBI,6167,6452,12619
STARLINK-1266,6361,6259,12620
STARLINK-2688,6362,6263,12625
STARLINK-1558,6369,6273,12642
STARLINK-1589,6370,6274,12644
STARLINK-1020,6371,6275,12646
STARLINK-1644,6372,6276,12648
STARLINK-2544,6375,6277,12652
STARLINK-2148,6381,6279,12660
STARLINK-1102,6382,6280,12662
STARLINK-1493,6383,6281,12664
STARLINK-1342,6385,6282,12667
STARLINK-1742,6386,6283,12669
STARLINK-1773,6182,6489,12671
STARLINK-1704,6389,6284,12673
STARLINK-2556,6390,6285,12675
CZ-4B R/B,6391,6286,12677
STARLINK-2210,6392,6287,12679
STARLINK-2437,6396,6288,12684
STARLINK-1578,6397,6289,12686
STARLINK-1904,6184,6508,12692
STARLINK-1608,6404,6290,12694
STARLINK-1154,6405,6291,12696
STARLINK-1150,6186,6520,12706
STARLINK-1681,6410,6296,12706
STARLINK-1443,6187,6521,12708
STARLINK-2717,6421,6298,12719
STARLINK-1405,6422,6299,12721
STARLINK-2242,6423,6300,12723
STARLINK-1329,6191,6534,12725
STARLINK-2234,6424,6301,12725
STARLINK-1042,6425,6302,12727
STARLINK-1273,6192,6535,12727
STARLINK-2196,6426,6303,12729
STARLINK-1891,6427,6304,12731
STARLINK-2164,6428,6305,12733
STARLINK-2382,6430,6306,12736
STARLINK-1618,6431,6307,12738
STARLINK-1938,6432,6308,12740
STARLINK-2595,6435,6309,12744
STARLINK-2245,6436,6310,12746
STARLINK-2096,6442,6311,12753
STARLINK-1821,6443,6312,12755
STARLINK-2294,6444,6313,12757
STARLINK-1445,6445,6314,12759
STARLINK-1622,6446,6315,12761
STARLINK-2701,6203,6558,12761
UNHA 3 R/B,6204,6559,12763
STARLINK-2341,6447,6316,12763
STARLINK-2692,6205,6560,12765
STARLINK-1121,6206,6561,12767
GFO,6451,6318,12769
STARLINK-1556,6207,6562,12769
STARLINK-1201,6208,6563,12771
STARLINK-2548,6452,6319,12771
STARLINK-2659,6453,6320,12773
STARLINK-2653,6454,6321,12775
STARLINK-2011,6455,6322,12777
STARLINK-2178,6456,6323,12779
STARLINK-2608,6457,6324,12781
STARLINK-2386,6458,6325,12783
STARLINK-2415,6459,6326,12785
STARLINK-2719,6209,6576,12785
STARLINK-2409,6460,6327,12787
STARLINK-1506,6461,6328,12789
STARLINK-2467,6462,6329,12791
STARLINK-1634,6463,6330,12793
STARLINK-2455,6464,6331,12795
STARLINK-2187,6465,6332,12797
STARLINK-1230,6466,6333,12799
STARLINK-1494,6467,6334,12801
STARLINK-1695,6468,6335,12803
STARLINK-2711,6469,6336,12805
STARLINK-1352,6211,6596,12807
STARLINK-2071,6470,6337,12807
STARLINK-1799,6471,6338,12809
STARLINK-2035,6472,6339,12811
STARLINK-2599,6475,6342,12817
STARLINK-2475,6476,6343,12819
STARLINK-1624,6477,6344,12821
STARLINK-1441,6478,6345,12823
STARLINK-2010,6222,6602,12824
STARLINK-2369,6479,6346,12825
STARLINK-1456,6223,6603,12826
STARLINK-1397,6480,6348,12828
STARLINK-2458,6224,6604,12828
COSMOS 1869,6225,6605,12830
STARLINK-2623,6481,6349,12830
STARLINK-1096,6482,6350,12832
STARLINK-1123,6483,6351,12834
STARLINK-2547,6487,6352,12839
STARLINK-2159,6492,6353,12845
STARLINK-1982,6493,6354,12847
STARLINK-1245,6496,6355,12851
STARLINK-2582,6497,6356,12853
STARLINK-1135,6498,6358,12856
STARLINK-2110,6499,6359,12858
STARLINK-1806,6504,6360,12864
STARLINK-2636,6505,6362,12867
STARLINK-1167,6506,6363,12869
STARLINK-1642,6507,6364,12871
STARLINK-2510,6508,6365,12873
STARLINK-2247,6509,6367,12876
STARLINK-1293,6510,6368,12878
STARLINK-2450,6229,6649,12878
STARLINK-1327,6230,6650,12880
STARLINK-1833,6511,6369,12880
STARLINK-1189,6512,6370,12882
STARLINK-1404,6231,6651,12882
STARLINK-1706,6513,6371,12884
STARLINK-2037,6514,6372,12886
STARLINK-1454,6517,6373,12890
STARLINK-2583,6518,6374,12892
STARLINK-1500,6519,6375,12894
STARLINK-1721,6520,6376,12896
STARLINK-1846,6521,6377,12898
STARLINK-2292,6522,6378,12900
STARLINK-1019,6523,6380,12903
STARLINK-2069,6524,6381,12905
STARLINK-1547,6526,6382,12908
STARLINK-2637,6527,6383,12910
STARLINK-2558,6234,6680,12914
STARLINK-1966,6532,6384,12916
STARLINK-2720,6533,6385,12918
STARLINK-1933,6534,6386,12920
STARLINK-1811,6535,6387,12922
STARLINK-1286,6536,6388,12924
STARLINK-2360,6537,6389,12926
STARLINK-1843,6538,6390,12928
STARLINK-1571,6539,6391,12930
STARLINK-2142,6540,6392,12932
STARLINK-2729,6542,6393,12935
STARLINK-1337,6543,6394,12937
STARLINK-2111,6236,6702,12938
STARLINK-1569,6548,6395,12943
STARLINK-1979,6549,6396,12945
STARLINK-1960,6551,6397,12948
STARLINK-1879,6552,6398,12950
STARLINK-2758,6553,6399,12952
STARLINK-2395,6554,6400,12954
STARLINK-1420,6555,6401,12956
STARLINK-1533,6238,6719,12957
STARLINK-1653,6557,6402,12959
STARLINK-2115,6239,6720,12959
STARLINK-1372,6558,6403,12961
STARLINK-1544,6561,6404,12965
STARLINK-1080,6242,6725,12967
STARLINK-2182,6562,6406,12968
STARLINK-1956,6243,6726,12969
STARLINK-1660,6244,6727,12971
STARLINK-2047,6570,6408,12978
DIY-1/ARDUIQUBE,6251,6728,12979
STARLINK-1741,6571,6409,12980
STARLINK-1895,6572,6410,12982
STARLINK-2017,6254,6729,12983
STARLINK-1086,6573,6411,12984
STARLINK-1451,6258,6730,12988
STARLINK-1528,6577,6412,12989
STARLINK-2112,6578,6413,12991
STARLINK-1942,6582,6414,12996
STARLINK-2613,6265,6731,12996
STARLINK-1007,6585,6415,13000
STARLINK-1723,6271,6732,13003
STARLINK-2491,6587,6416,13003
STARLINK-1271,6588,6418,13006
STARLINK-2518,6273,6733,13006
STARLINK-1340,6274,6734,13008
STARLINK-2649,6589,6419,13008
STARLINK-2348,6590,6420,13010
STARLINK-1527,6277,6735,13012
STARLINK-2393,6591,6421,13012
STARLINK-1572,6592,6422,13014
STARLINK-2224,6278,6736,13014
STARLINK-1137,6593,6423,13016
STARLINK-2211,6279,6737,13016
STARLINK-1524,6280,6738,13018
STARLINK-2022,6594,6424,13018
STARLINK-1797,6595,6425,13020
STARLINK-1207,6596,6426,13022
STARLINK-2113,6597,6427,13024
STARLINK-2750,6286,6739,13025
STARLINK-2220,6598,6428,13026
STARLINK-1903,6599,6429,13028
STARLINK-2513,6289,6740,13029
STARLINK-1098,6600,6430,13030
STARLINK-2373,6601,6431,13032
STARLINK-2549,6602,6432,13034
STARLINK-1635,6603,6433,13036
STARLINK-1733,6604,6434,13038
STARLINK-2238,6298,6741,13039
STARLINK-1059,6605,6435,13040
SPACEBEE-19,6299,6742,13041
STARLINK-1470,6606,6436,13042
STARLINK-1222,6300,6743,13043
STARLINK-2337,6607,6437,13044
STARLINK-1620,6608,6438,13046
STARLINK-2100,6302,6744,13046
STARLINK-2530,6609,6439,13048
STARLINK-2191,6303,6745,13048
STARLINK-1418,6304,6746,13050
STARLINK-1491,6610,6440,13050
STARLINK-1917,6305,6747,13052
STARLINK-2344,6611,6441,13052
STARLINK-1347,6613,6442,13055
STARLINK-2034,6308,6748,13056
CZ-2C R/B,6614,6443,13057
STARLINK-2130,6309,6749,13058
STARLINK-2486,6615,6444,13059
STARLINK-2526,6310,6750,13060
STARLINK-1132,6616,6445,13061
STARLINK-2066,6311,6751,13062
STARLINK-1496,6617,6446,13063
STARLINK-1865,6312,6752,13064
STARLINK-2215,6618,6447,13065
STARLINK-2470,6313,6753,13066
STARLINK-2576,6619,6448,13067
STARLINK-1669,6620,6449,13069
STARLINK-1970,6621,6450,13071
STARLINK-2061,6624,6454,13078
STARLINK-1199,6328,6754,13082
STARLINK-2043,6630,6455,13085
STARLINK-1200,6332,6755,13087
STARLINK-1434,6631,6456,13087
STARLINK-1409,6632,6457,13089
FLOCK 4S 5,6333,6756,13089
STARLINK-1784,6633,6458,13091
STARLINK-1925,6336,6757,13093
STARLINK-2445,6634,6459,13093
STARLINK-1333,6635,6460,13095
STARLINK-1760,6338,6758,13096
STARLINK-2209,6636,6461,13097
STARLINK-1666,6339,6759,13098
STARLINK-1482,6637,6462,13099
STARLINK-1331,6640,6463,13103
STARLINK-2660,6343,6760,13103
STARLINK-1541,6641,6464,13105
STARLINK-1954,6345,6761,13106
STARLINK-2152,6642,6465,13107
STARLINK-2600,6346,6762,13108
STARLINK-1924,6643,6466,13109
BRO-1,6644,6467,13111
STARLINK-1074,6348,6763,13111
STARLINK-2585,6645,6468,13113
STARLINK-1722,6351,6764,13115
STARLINK-2250,6646,6469,13115
STARLINK-1996,6647,6470,13117
STARLINK-1276,6648,6471,13119
STARLINK-1278,6355,6765,13120
STARLINK-2256,6356,6766,13122
STARLINK-2423,6651,6472,13123
STARLINK-2693,6357,6767,13124
STARLINK-1928,6652,6473,13125
STARLINK-2452,6653,6474,13127
STARLINK-2217,6359,6768,13127
STARLINK-2507,6360,6769,13129
STARLINK-2509,6654,6475,13129
STARLINK-2119,6655,6476,13131
STARLINK-1104,6363,6770,13133
STARLINK-1170,6656,6477,13133
STARLINK-1092,6657,6478,13135
STARLINK-1857,6364,6771,13135
STARLINK-1185,6658,6479,13137
STARLINK-1601,6365,6772,13137
STARLINK-1678,6366,6773,13139
STARLINK-2331,6659,6480,13139
STARLINK-1243,6660,6481,13141
STARLINK-1603,6367,6774,13141
STARLINK-1351,6368,6775,13143
STARLINK-1730,6661,6482,13143
STARLINK-1974,6662,6483,13145
STARLINK-2063,6663,6484,13147
STARLINK-2007,6664,6485,13149
STARLINK-2471,6373,6776,13149
STARLINK-1594,6374,6777,13151
STARLINK-2345,6665,6486,13151
STARLINK-1712,6666,6487,13153
STARLINK-1971,6376,6778,13154
STARLINK-1613,6667,6488,13155
STARLINK-1465,6377,6779,13156
STARLINK-1734,6668,6490,13158
STARLINK-2534,6378,6780,13158
STARLINK-1407,6669,6491,13160
STARLINK-1878,6379,6781,13160
STARLINK-1987,6380,6782,13162
STARLINK-2702,6670,6492,13162
STARLINK-1655,6671,6493,13164
STARLINK-1839,6672,6494,13166
STARLINK-1747,6384,6783,13167
STARLINK-2434,6673,6495,13168
STARLINK-2655,6674,6496,13170
STARLINK-1357,6387,6784,13171
LINCS2,6675,6497,13172
STARLINK-1728,6388,6785,13173
STARLINK-1073,6676,6498,13174
STARLINK-1462,6677,6499,13176
STARLINK-1591,6678,6500,13178
STARLINK-2457,6393,6786,13179
STARLINK-1574,6679,6501,13180
STARLINK-1368,6394,6787,13181
STARLINK-1844,6680,6502,13182
STARLINK-1560,6395,6788,13183
STARLINK-2432,6681,6503,13184
STARLINK-2454,6682,6504,13186
STARLINK-1615,6398,6789,13187
STARLINK-2611,6683,6505,13188
STARLINK-1785,6399,6790,13189
STARLINK-2108,6684,6506,13190
STARLINK-1511,6400,6791,13191
STARLINK-2029,6685,6507,13192
STARLINK-1861,6401,6792,13193
STARLINK-1474,6686,6509,13195
STARLINK-2322,6402,6793,13195
STARLINK-1209,6687,6510,13197
STARLINK-1791,6403,6794,13197
STARLINK-2326,6688,6511,13199
STARLINK-2568,6689,6512,13201
STARLINK-2755,6406,6795,13201
STARLINK-1264,6407,6796,13203
STARLINK-1888,6690,6513,13203
STARLINK-2349,6408,6797,13205
STARLINK-2663,6409,6798,13207
STARLINK-1284,6692,6516,13208
STARLINK-2016,6411,6799,13210
STARLINK-2246,6696,6514,13210
STARLINK-1269,6412,6800,13212
STARLINK-1479,6697,6515,13212
STARLINK-1610,6413,6801,13214
STARLINK-1060,6698,6517,13215
STARLINK-1062,6414,6802,13216
STARLINK-1238,6699,6518,13217
HXMT,6415,6803,13218
STARLINK-1867,6416,6804,13220
STARLINK-2174,6702,6519,13221
STARLINK-1146,6417,6805,13222
STARLINK-1991,6418,6806,13224
STARLINK-1908,6703,6522,13225
STARLINK-1940,6419,6807,13226
STARLINK-1029,6704,6523,13227
STARLINK-2020,6420,6808,13228
STARLINK-1244,6705,6524,13229
STARLINK-2713,6708,6525,13233
STARLINK-1483,6709,6526,13235
STARLINK-1765,6711,6527,13238
STARLINK-2161,6429,6809,13238
STARLINK-2610,6712,6528,13240
STARLINK-1043,6713,6529,13242
STARLINK-1221,6433,6810,13243
STARLINK-1686,6714,6530,13244
STARLINK-2460,6434,6811,13245
STARLINK-1623,6715,6531,13246
COSMOS 1703,6716,6532,13248
OBJECT F,6437,6812,13249
STARLINK-1629,6717,6533,13250
STARLINK-2018,6438,6813,13251
STARLINK-1658,6439,6814,13253
STARLINK-1288,6719,6536,13255
STARLINK-1630,6440,6815,13255
STARLINK-2094,6720,6537,13257
STARLINK-2145,6441,6816,13257
STARLINK-2101,6721,6538,13259
COSMOS 2538,6722,6539,13261
STARLINK-1048,6723,6540,13263
STARLINK-2561,6448,6817,13265
STARLINK-2231,6725,6541,13266
STARLINK-2083,6449,6818,13267
STARLINK-1587,6726,6542,13268
STARLINK-1116,6450,6819,13269
STARLINK-2135,6727,6543,13270
STARLINK-2228,6728,6544,13272
STARLINK-2514,6729,6545,13274
STARLINK-1818,6730,6546,13276
STARLINK-1792,6731,6547,13278
STARLINK-2592,6732,6548,13280
STARLINK-1920,6733,6549,13282
STARLINK-1328,6734,6550,13284
STARLINK-1301,6737,6551,13288
STARLINK-1980,6738,6552,13290
STARLINK-1606,6739,6553,13292
STARLINK-1094,6473,6820,13293
STARLINK-1370,6740,6554,13294
STARLINK-2280,6474,6821,13295
STARLINK-1619,6741,6555,13296
STARLINK-2537,6742,6556,13298
STARLINK-2531,6748,6557,13305
STARLINK-2593,6484,6822,13306
STARLINK-2270,6485,6823,13308
STARLINK-2408,6486,6824,13310
STARLINK-2615,6488,6825,13313
STARLINK-1398,6489,6826,13315
STARLINK-1336,6753,6564,13317
FEES,6490,6827,13317
STARLINK-1675,6754,6565,13319
STARLINK-2243,6491,6828,13319
STARLINK-1355,6755,6566,13321
STARLINK-1503,6494,6829,13323
STARLINK-2742,6756,6567,13323
STARLINK-1310,6757,6568,13325
STARLINK-1683,6495,6830,13325
STARLINK-1509,6758,6569,13327
STARLINK-2085,6760,6570,13330
STARLINK-1267,6500,6831,13331
STARLINK-2399,6761,6571,13332
STARLINK-2180,6501,6832,13333
STARLINK-2642,6762,6572,13334
STARLINK-1863,6502,6833,13335
STARLINK-2464,6763,6573,13336
STARLINK-1637,6503,6834,13337
STARLINK-2339,6764,6574,13338
STARLINK-1965,6765,6575,13340
STARLINK-1056,6766,6578,13344
STARLINK-1815,6767,6579,13346
STARLINK-1026,6770,6577,13347
LEMUR 2 OSCARLATOR,6768,6580,13348
STARLINK-1068,6515,6835,13350
STARLINK-2535,6769,6581,13350
STARLINK-2657,6516,6836,13352
STARLINK-2139,6771,6582,13353
STARLINK-1775,6772,6584,13356
CZ-2C R/B,6775,6583,13358
STARLINK-1752,6773,6585,13358
STARLINK-1973,6774,6586,13360
LEMUR-2 SAOIRSEDH5GUO,6525,6837,13362
STARLINK-1717,6776,6587,13363
STARLINK-2141,6528,6838,13366
STARLINK-2162,6777,6589,13366
STARLINK-2051,6779,6588,13367
STARLINK-1349,6529,6839,13368
STARLINK-1849,6778,6590,13368
STARLINK-1475,6530,6840,13370
STARLINK-2736,6780,6591,13371
STARLINK-2579,6531,6841,13372
STARLINK-2021,6781,6592,13373
STARLINK-1871,6782,6593,13375
STARLINK-1598,6783,6594,13377
STARLINK-2140,6784,6595,13379
STARLINK-1168,6785,6597,13382
STARLINK-1148,6541,6842,13383
STARLINK-1804,6786,6598,13384
STARLINK-1711,6787,6599,13386
STARLINK-2123,6544,6843,13387
STARLINK-1948,6788,6600,13388
SL-3 R/B,6545,6844,13389
STARLINK-2726,6789,6601,13390
STARLINK-2391,6546,6845,13391
STARLINK-1566,6547,6846,13393
STARLINK-2741,6550,6847,13397
SPACEBEE-52,6793,6606,13399
STARLINK-1567,6794,6607,13401
STARLINK-1700,6795,6608,13403
STARLINK-2564,6790,6613,13403
STARLINK-2379,6556,6848,13404
STARLINK-1848,6791,6614,13405
STARLINK-2473,6796,6609,13405
STARLINK-2594,6797,6610,13407
STARLINK-2062,6559,6849,13408
STARLINK-1575,6798,6611,13409
STARLINK-1210,6560,6850,13410
STARLINK-2169,6799,6612,13411
STARLINK-2305,6563,6851,13414
STARLINK-2612,6564,6852,13416
CZ-2D R/B,6800,6617,13417
STARLINK-2557,6565,6853,13418
STARLINK-1134,6801,6619,13420
STARLINK-2290,6566,6854,13420
STARLINK-2407,6806,6615,13421
STARLINK-1543,6567,6855,13422
STARLINK-1542,6802,6620,13422
STARLINK-3240,6807,6616,13423
STARLINK-2459,6568,6856,13424
STARLINK-2658,6803,6621,13424
STARLINK-1279,6569,6857,13426
STARLINK-1187,6811,6618,13429
STARLINK-1651,6574,6858,13432
STARLINK-1740,6575,6859,13434
STARLINK-1485,6576,6860,13436
STARLINK-2163,6813,6623,13436
STARLINK-1800,6808,6630,13438
STARLINK-1817,6814,6624,13438
AIST 2,6579,6861,13440
STARLINK-1484,6809,6631,13440
STARLINK-1692,6815,6625,13440
STARLINK-1463,6580,6862,13442
FLOCK 4S 4,6816,6626,13442
STARLINK-2647,6810,6632,13442
STARLINK-2511,6821,6622,13443
SPACEBEE-53,6817,6627,13444
STARLINK-2453,6581,6863,13444
STARLINK-1609,6812,6633,13445
STARLINK-1446,6818,6628,13446
STARLINK-2449,6583,6864,13447
STARLINK-1759,6819,6629,13448
STARLINK-2319,6584,6865,13449
STARLINK-1144,6586,6866,13452
STARLINK-2120,6820,6634,13454
STARLINK-2737,6822,6635,13457
STARLINK-1539,6823,6636,13459
COSMOS 1933,6825,6637,13462
STARLINK-2089,6826,6638,13464
STARLINK-2596,6824,6641,13465
STARLINK-2418,6829,6639,13468
STARLINK-1677,6830,6640,13470
STARLINK-2451,6827,6643,13470
STARLINK-2616,6828,6644,13472
LINCS1,6831,6642,13473
STARLINK-1659,6834,6645,13479
STARLINK-2312,6612,6867,13479
STARLINK-1309,6835,6646,13481
STARLINK-2397,6837,6647,13484
STARLINK-1260,6832,6654,13486
OBJECT D,6833,6655,13488
STARLINK-1152,6623,6868,13491
STARLINK-1873,6836,6656,13492
STARLINK-2033,6622,6870,13492
STARLINK-1649,6625,6869,13494
STARLINK-1990,6838,6657,13495
STARLINK-2645,6626,6871,13497
STARLINK-2675,6849,6648,13497
STARLINK-1580,6840,6658,13498
STARLINK-1280,6628,6872,13500
STARLINK-2338,6842,6659,13501
STARLINK-2419,6627,6874,13501
STARLINK-1657,6629,6873,13502
STARLINK-1413,6851,6652,13503
STARLINK-2635,6843,6660,13503
STARLINK-1402,6852,6653,13505
STARLINK-2273,6844,6661,13505
STARLINK-2128,6845,6662,13507
STARLINK-1976,6846,6664,13510
STARLINK-1502,6847,6665,13512
JILIN-01-10,6850,6663,13513
STARLINK-1156,6638,6875,13513
STARLINK-1551,6848,6666,13514
STARLINK-1416,6639,6876,13515
STARLINK-1835,6853,6669,13522
STARLINK-2056,6857,6667,13524
STARLINK-2569,6854,6670,13524
STARLINK-1513,6649,6877,13526
STARLINK-2731,6858,6668,13526
STARLINK-1088,6855,6672,13527
COSMOS 1536,6650,6878,13528
STARLINK-2254,6859,6671,13530
STARLINK-1197,6860,6673,13533
STARLINK-1969,6861,6674,13535
STARLINK-1375,6864,6675,13539
STARLINK-1892,6865,6676,13541
STARLINK-1656,6866,6677,13543
STARLINK-1225,6867,6678,13545
STARLINK-1145,6869,6679,13548
STARLINK-1141,6868,6681,13549
STARLINK-2394,6870,6682,13552
STARLINK-1579,6871,6683,13554
STARLINK-1671,6872,6684,13556
STARLINK-2320,6873,6690,13563
SPACEBEE-58,6874,6691,13565
STARLINK-2396,6881,6685,13566
SPACEBEE-18,6875,6692,13567
STARLINK-2226,6882,6686,13568
STARLINK-2144,6876,6693,13569
STARLINK-2351,6883,6687,13570
STARLINK-2286,6691,6879,13570
STARLINK-1698,6877,6694,13571
STARLINK-2019,6884,6688,13572
STARLINK-1298,6878,6695,13573
STARLINK-1995,6693,6880,13573
STARLINK-1192,6885,6689,13574
STARLINK-2295,6694,6881,13575
ICEYE-X12,6879,6696,13575
STARLINK-2516,6695,6882,13577
STARLINK-2186,6880,6697,13577
STARLINK-1643,6700,6883,13583
STARLINK-1767,6886,6698,13584
STARLINK-2008,6701,6884,13585
STARLINK-2609,6887,6699,13586
STARLINK-2268,6889,6700,13589
STARLINK-1563,6706,6885,13591
STARLINK-2332,6707,6886,13593
STARLINK-2601,6892,6701,13593
STARLINK-2420,6710,6887,13597
STARLINK-1707,6895,6705,13600
STARLINK-2340,6896,6706,13602
STARLINK-1061,6900,6703,13603
STARLINK-2300,6897,6707,13604
STARLINK-1705,6898,6708,13606
STARLINK-1896,6718,6888,13606
STARLINK-2559,6902,6704,13606
SPACEBEE-61,6899,6709,13608
STARLINK-2285,6901,6710,13611
STARLINK-1282,6724,6889,13613
STARLINK-1992,6908,6711,13619
STARLINK-1057,6910,6712,13622
STARLINK-1219,6911,6713,13624
STARLINK-2700,6735,6890,13625
STARLINK-1211,6912,6714,13626
STARLINK-2380,6736,6891,13627
STARLINK-2381,6913,6715,13628
STARLINK-1521,6918,6716,13634
STARLINK-1959,6743,6892,13635
STARLINK-1457,6919,6717,13636
STARLINK-1364,6744,6893,13637
STARLINK-1212,6920,6718,13638
STARLINK-2619,6745,6894,13639
STARLINK-2213,6746,6895,13641
STARLINK-2184,6747,6896,13643
STARLINK-2265,6749,6897,13646
STARLINK-2160,6750,6898,13648
STARLINK-1052,6751,6899,13650
STARLINK-2674,6752,6900,13652
STARLINK-2057,6932,6721,13653
STARLINK-2756,6936,6722,13658
STARLINK-2410,6937,6723,13660
STARLINK-2734,6759,6901,13660
STARLINK-2651,6941,6724,13665
STARLINK-2443,6792,6902,13694
STARLINK-1437,6804,6903,13707
STARLINK-2059,6805,6904,13709
STARLINK-2411,6839,6905,13744
STARLINK-1415,6841,6906,13747
STARLINK-1564,6856,6910,13766
STARLINK-2746,6862,6913,13775
STARLINK-1481,6863,6914,13777
STARLINK-1638,6903,6907,13810
SPACEBEE-11,6904,6908,13812
STARLINK-1549,6905,6909,13814
STARLINK-1307,6906,6911,13817
STARLINK-1565,6907,6912,13819
STARLINK-2222,6888,6936,13824
STARLINK-2255,6909,6915,13824
STARLINK-1458,6890,6939,13829
STARLINK-1600,6891,6940,13831
STARLINK-1471,6915,6918,13833
STARLINK-1957,6893,6941,13834
STARLINK-2624,6916,6919,13835
STARLINK-1028,6894,6942,13836
STARLINK-1880,6917,6920,13837
STARLINK-2754,6924,6916,13840
STARLINK-1612,6921,6921,13842
SPACEBEE-55,6922,6922,13844
STARLINK-2307,6923,6923,13846
STARLINK-1191,6925,6924,13849
STARLINK-1079,6926,6925,13851
STARLINK-1395,6934,6917,13851
STARLINK-1715,6927,6926,13853
STARLINK-1710,6928,6927,13855
KEPLER-2 (TARS),6929,6928,13857
STARLINK-1977,6930,6929,13859
STARLINK-1492,6931,6930,13861
STARLINK-2416,6933,6931,13864
STARLINK-2566,6938,6932,13870
STARLINK-1317,6939,6933,13872
STARLINK-1680,6914,6958,13872
STARLINK-2723,6940,6934,13874
ICEYE-X13,6942,6935,13877
STARLINK-1621,6943,6937,13880
STARLINK-1866,6944,6938,13882
STARLINK-2438,6945,6946,13891
STARLINK-1236,6948,6948,13896
STARLINK-2560,6946,6951,13897
STARLINK-1321,6947,6952,13899
STARLINK-2388,6951,6949,13900
STARLINK-1732,6949,6953,13902
STARLINK-2236,6959,6943,13902
STARLINK-2403,6956,6950,13906
STARLINK-2293,6952,6954,13906
STARLINK-2465,6962,6944,13906
STARLINK-3113,6955,6955,13910
STARLINK-2570,6957,6956,13913
STARLINK-2581,6966,6947,13913
STARLINK-2634,6969,6945,13914
STARLINK-2441,6958,6957,13915
STARLINK-1834,6960,6959,13919
STARLINK-1746,6961,6960,13921
STARLINK-1376,6963,6961,13924
STARLINK-2644,6965,6968,13933
STARLINK-1374,6967,6970,13937
STARLINK-1162,6968,6972,13940
STARLINK-1687,6935,7006,13941
STARLINK-2630,6978,6964,13942
STARLINK-1408,6982,6962,13944
STARLINK-1512,6970,6974,13944
STARLINK-1017,6971,6975,13946
STARLINK-1884,6979,6967,13946
STARLINK-1459,6984,6963,13947
STARLINK-1147,6972,6977,13949
STARLINK-1369,6985,6965,13950
STARLINK-2087,6980,6971,13951
STARLINK-2102,6986,6966,13952
STARLINK-2045,6981,6973,13954
STARLINK-2648,6988,6969,13957
STARLINK-2506,6973,6985,13958
STARLINK-2705,6983,6976,13959
STARLINK-1354,6974,6986,13960
SPACEBEE-74,6950,7011,13961
STARLINK-1403,6976,6988,13964
STARLINK-1696,6953,7012,13965
STARLINK-2227,6987,6978,13965
STARLINK-2193,6977,6989,13966
STARLINK-1805,6954,7013,13967
STARLINK-2038,6989,6979,13968
STARLINK-1053,6990,6980,13970
STARLINK-1021,6991,6981,13972
STARLINK-1507,6975,6998,13973
STARLINK-1972,6992,6982,13974
FLOCK 4S 23,6993,6983,13976
STARLINK-2157,6964,7014,13978
M2-B,6994,6984,13978
STARLINK-1241,6997,6992,13989
STARLINK-2114,7004,6987,13991
M2-A,6998,6993,13991
STARLINK-2090,7000,6994,13994
STARLINK-1195,7005,6990,13995
STARLINK-2158,7001,6995,13996
STARLINK-2078,7006,6991,13997
STARLINK-2468,7002,6996,13998
STARLINK-2336,7003,6997,14000
STARLINK-1272,7008,7001,14009
STARLINK-1993,6999,7010,14009
STARLINK-1140,7011,6999,14010
STARLINK-1774,7009,7002,14011
STARLINK-1665,7012,7000,14012
STARLINK-2132,6995,7017,14012
STARLINK-1795,7007,7007,14014
STARLINK-2426,7010,7004,14014
STARLINK-2431,6996,7018,14014
STARLINK-1304,7013,7003,14016
STARLINK-1316,7014,7005,14019
STARLINK-2264,7015,7008,14023
STARLINK-2146,7017,7009,14026
STARLINK-2479,7018,7015,14033
STARLINK-2107,7019,7016,14035
STARLINK-1639,7016,7021,14037
STARLINK-2258,7020,7019,14039
STARLINK-2109,7023,7020,14043
STARLINK-2053,7024,7022,14046
STARLINK-1350,7021,7027,14048
STARLINK-1718,7025,7023,14048
STARLINK-2696,7026,7024,14050
STARLINK-1478,7022,7030,14052
STARLINK-1153,7027,7032,14059
STARLINK-1117,7035,7025,14060
STARLINK-1918,7028,7033,14061
STARLINK-1816,7029,7034,14063
STARLINK-1961,7037,7026,14063
STARLINK-1738,7030,7035,14065
STARLINK-2483,7038,7028,14066
STARLINK-1814,7039,7029,14068
STARLINK-2171,7040,7031,14071
STARLINK-1922,7031,7048,14079
STARLINK-2081,7043,7036,14079
STARLINK-1852,7032,7049,14081
STARLINK-2216,7044,7037,14081
STARLINK-1049,7041,7042,14083
STARLINK-1172,7033,7050,14083
SPACEBEE-62,7045,7038,14083
STARLINK-1054,7042,7043,14085
STARLINK-1983,7046,7039,14085
STARLINK-2058,7034,7051,14085
STARLINK-1555,7047,7040,14087
JILIN-01 GAOFEN 2D,7036,7052,14088
FLOCK 4S 47,7048,7041,14089
STARLINK-2233,7050,7044,14094
STARLINK-2082,7051,7045,14096
STARLINK-2424,7052,7046,14098
STARLINK-2433,7053,7047,14100
STARLINK-1673,7049,7061,14110
STARLINK-1027,7058,7053,14111
STARLINK-1986,7059,7054,14113
STARLINK-1899,7060,7055,14115
STARLINK-2618,7054,7062,14116
STARLINK-1234,7061,7056,14117
STARLINK-2121,7055,7063,14118
FLOCK 4S 38,7062,7057,14119
STARLINK-1803,7056,7064,14120
STARLINK-1626,7063,7058,14121
STARLINK-2106,7057,7065,14122
STARLINK-2365,7064,7059,14123
STARLINK-2404,7066,7060,14126
STARLINK-1055,7069,7066,14135
STARLINK-2070,7065,7073,14138
STARLINK-1913,7073,7067,14140
STARLINK-1590,7067,7074,14141
STARLINK-1530,7074,7068,14142
CZ-4B R/B,7068,7075,14143
STARLINK-2195,7075,7069,14144
STARLINK-1335,7076,7070,14146
STARLINK-2640,7070,7076,14146
STARLINK-1356,7071,7077,14148
STARLINK-2590,7077,7071,14148
STARLINK-1864,7078,7072,14150
STARLINK-2218,7072,7078,14150
STARLINK-2499,7079,7079,14158
STARLINK-1837,7080,7083,14163
STARLINK-1305,7085,7080,14165
STARLINK-1663,7081,7084,14165
STARLINK-1208,7086,7081,14167
STARLINK-1923,7082,7087,14169
STARLINK-2481,7087,7082,14169
STARLINK-2362,7083,7088,14171
STARLINK-1829,7084,7090,14174
STARLINK-2060,7093,7085,14178
STARLINK-2275,7094,7086,14180
STARLINK-1724,7088,7094,14182
STARLINK-2646,7089,7095,14184
STARLINK-1557,7090,7096,14186
STARLINK-1930,7097,7089,14186
STARLINK-2538,7091,7097,14188
STARLINK-1455,7098,7091,14189
STARLINK-1177,7092,7098,14190
STARLINK-1553,7099,7092,14191
STARLINK-2440,7100,7093,14193
STARLINK-2524,7095,7100,14195
STARLINK-2728,7096,7099,14195
STARLINK-1291,7101,7104,14205
STARLINK-2024,7102,7103,14205
STARLINK-2126,7105,7101,14206
STARLINK-1099,7103,7105,14208
STARLINK-2241,7106,7102,14208
STARLINK-1093,7104,7106,14210
STARLINK-1281,7109,7107,14216
STARLINK-2578,7107,7110,14217
STARLINK-1783,7110,7108,14218
STARLINK-2167,7108,7111,14219
STARLINK-1452,7111,7109,14220
STARLINK-2567,7112,7112,14224
STARLINK-1577,7113,7113,14226
STARLINK-1545,7114,7114,14228
STARLINK-1487,7115,7115,14230
STARLINK-2715,7116,7116,14232
STARLINK-1084,7117,7117,14234
STARLINK-2504,7118,7118,14236
